3117889
3117893
3117904
3117921
3117946
3117977
3118016
3118062
3118114
3118174
3118241
3118315
3118396
3118484
3118579
3118680
3118789
3118905
3119028
3119159
3119296
3119440
3119591
3119749
3119914
3120087
3120266
3120452
3120645
3120846
3121053
3121268
3121489
3121718
3121953
3122196
3122445
3122702
3122965
3123236
3123513
3123798
3124090
3124389
3124694
3125007
3125327
3125654
3125987
3126328
3126676
3127031
3127393
3127762
3128138
3128521
3128911
3129308
3129712
3130123
3130541
3130966
3131398
3131837
3132283
3132736
3133196
3133663
3134137
3134618
3135107
3135602
3136104
3136613
3137129
3137652
3138183
3138720
3139264
3139815
3140373
3140939
3141511
3142090
3142676
3143269
3143870
3144477
3145091
3145712
3146340
3146976
3147618
3148267
3148923
3149586
3150256
3150933
3151617
3152309
3153007
3153712
3154424
3155143
3155869
3156602
3157342
3158089
3158842
3159603
3160371
3161146
3161928
3162717
3163512
3164315
3165125
3165942
3166765
3167596
3168433
3169278
3170129
3170988
3171853
3172726
3173605
3174491
3175385
3176285
3177192
3178106
3179027
3179955
3180890
3181832
3182781
3183737
3184699
3185669
3186646
3187629
3188620
3189617
3190621
3191633
3192651
3193676
3194708
3195747
3196793
3197846
3198906
3199973
3201046
3202127
3203214
3204309
3205410
3206518
3207633
3208756
3209884
3211020
3212163
3213313
3214469
3215633
3216803
3217981
3219165
3220356
3221554
3222759
3223971
3225189
3226415
3227647
3228887
3230133
3231386
3232646
3233913
3235186
3236467
3237754
3239049
3240350
3241658
3242973
3244295
3245623
3246959
3248301
3249651
3251007
3252370
3253739
3255116
3256500
3257890
3259287
3260691
3262102
3263520
3264944
3266376
3267814
3269259
3270711
3272170
3273635
3275108
3276587
3278073
3279566
3281065
3282572
3284085
3285605
3287132
3288665
3290206
3291753
3293307
3294868
3296436
3298010
3299592
3301180
3302775
3304376
3305985
3307600
3309222
3310850
3312486
3314128
3315777
3317433
3319096
3320765
3322441
3324124
3325814
3327510
3329213
3330923
3332640
3334363
3336093
3337830
3339574
3341324
3343081
3344845
3346615
3348393
3350177
3351967
3353765
3355569
3357380
3359197
3361021
3362852
3364690
3366534
3368385
3370243
3372108
3373979
3375857
3377741
3379632
3381530
3383435
3385346
3387264
3389189
3391120
3393058
3395003
3396954
3398912
3400876
3402848
3404825
3406810
3408801
3410799
3412803
3414815
3416832
3418857
3420888
3422925
3424970
3427020
3429078
3431142
3433213
3435290
3437374
3439465
3441562
3443665
3445776
3447893
3450016
3452146
3454283
3456426
3458576
3460733
3462896
3465065
3467241
3469424
3471613
3473809
3476012
3478221
3480436
3482658
3484887
3487122
3489364
3491612
3493867
3496128
3498396
3500670
3502951
3505238
3507532
3509832
3512139
3514453
3516773
3519099
3521432
3523771
3526117
3528469
3530828
3533194
3535565
3537944
3540328
3542720
3545117
3547522
3549932
3552349
3554773
3557203
3559639
3562082
3564531
3566987
3569449
3571918
3574393
3576874
3579362
3581856
3584357
3586864
3589377
3591897
3594424
3596956
3599495
3602041
3604593
3607151
3609716
3612287
3614864
3617448
3620038
3622634
3625237
3627846
3630462
3633084
3635712
3638346
3640987
3643634
3646288
3648948
3651614
3654287
3656965
3659651
3662342
3665040
3667744
3670454
3673171
3675894
3678623
3681358
3684100
3686848
3689603
3692363
3695130
3697903
3700683
3703468
3706260
3709058
3711863
3714673
3717490
3720313
3723143
3725978
3728820
3731668
3734522
3737383
3740249
3743122
3746001
3748886
3751778
3754675
3757579
3760489
3763405
3766327
3769256
3772190
3775131
3778078
3781031
3783990
3786955
3789927
3792905
3795888
3798878
3801874
3804876
3807885
3810899
3813919
3816946
3819979
3823017
3826062
3829113
3832170
3835233
3838303
3841378
3844459
3847546
3850640
3853739
3856845
3859956
3863074
3866198
3869327
3872463
3875605
3878753
3881906
3885066
3888232
3891404
3894582
3897765
3900955
3904151
3907353
3910560
3913774
3916994
3920219
3923451
3926689
3929932
3933182
3936437
3939698
3942966
3946239
3949518
3952803
3956094
3959391
3962694
3966002
3969317
3972637
3975964
3979296
3982634
3985978
3989328
3992684
3996045
3999413
4002786
4006166
4009551
4012941
4016338
4019741
4023149
4026563
4029983
4033409
4036841
4040278
4043722
4047171
4050626
4054086
4057553
4061025
4064503
4067986
4071476
4074971
4078472
4081979
4085492
4089010
4092534
4096063
4099599
4103140
4106687
4110240
4113798
4117362
4120932
4124507
4128088
4131675
4135267
4138865
4142469
4146079
4149694
4153314
4156941
4160573
4164211
4167854
4171503
4175158
4178818
4182484
4186155
4189832
4193515
4197203
4200897
4204596
4208301
4212012
4215728
4219450
4223177
4226910
4230648
4234392
4238142
4241897
4245657
4249423
4253195
4256972
4260755
4264543
4268336
4272136
4275940
4279750
4283566
4287387
4291213
4295045
4298883
4302726
4306574
4310428
4314287
4318152
4322022
4325898
4329779
4333665
4337557
4341454
4345357
4349265
4353178
4357097
4361021
4364950
4368885
4372825
4376771
4380722
4384678
4388640
4392607
4396579
4400557
4404540
4408528
4412522
4416520
4420525
4424534
4428549
4432569
4436594
4440625
4444661
4448702
4452748
4456800
4460857
4464919
4468986
4473059
4477136
4481219
4485308
4489401
4493500
4497604
4501713
4505827
4509946
4514071
4518200
4522335
4526475
4530621
4534771
4538926
4543087
4547253
4551424
4555600
4559781
4563967
4568158
4572355
4576556
4580763
4584975
4589191
4593413
4597640
4601872
4606109
4610351
4614598
4618850
4623107
4627369
4631637
4635909
4640186
4644468
4648755
4653048
4657345
4661647
4665954
4670266
4674583
4678905
4683232
4687564
4691901
4696243
4700589
4704941
4709297
4713659
4718025
4722396
4726772
4731153
4735539
4739930
4744326
4748726
4753131
4757542
4761957
4766377
4770801
4775231
4779665
4784104
4788548
4792997
4797451
4801909
4806372
4810840
4815313
4819790
4824272
4828759
4833251
4837748
4842249
4846755
4851265
4855781
4860301
4864826
4869355
4873889
4878428
4882972
4887520
4892073
4896631
4901193
4905760
4910331
4914907
4919488
4924074
4928664
4933258
4937858
4942462
4947070
4951683
4956301
4960923
4965550
4970181
4974817
4979458
4984103
4988752
4993406
4998065
5002728
5007396
5012068
5016745
5021426
5026112
5030802
5035496
5040196
5044899
5049607
5054320
5059037
5063758
5068484
5073214
5077949
5082688
5087432
5092179
5096932
5101688
5106450
5111215
5115985
5120759
5125538
5130321
5135108
5139899
5144695
5149496
5154300
5159109
5163922
5168740
5173562
5178388
5183218
5188053
5192892
5197735
5202582
5207434
5212290
5217150
5222015
5226883
5231756
5236633
5241514
5246400
5251290
5256183
5261081
5265984
5270890
5275801
5280715
5285634
5290557
5295484
5300415
5305351
5310290
5315234
5320181
5325133
5330089
5335049
5340013
5344981
5349953
5354929
5359909
5364894
5369882
5374874
5379871
5384871
5389875
5394884
5399896
5404912
5409933
5414957
5419985
5425017
5430054
5435094
5440138
5445186
5450238
5455293
5460353
5465417
5470484
5475556
5480631
5485710
5490794
5495881
5500971
5506066
5511164
5516267
5521373
5526483
5531597
5536715
5541836
5546961
5552090
5557223
5562360
5567500
5572644
5577792
5582944
5588099
5593258
5598421
5603588
5608758
5613932
5619109
5624291
5629476
5634665
5639857
5645053
5650253
5655456
5660663
5665874
5671088
5676306
5681528
5686753
5691982
5697214
5702450
5707690
5712933
5718180
5723430
5728684
5733941
5739202
5744466
5749734
5755006
5760281
5765559
5770841
5776127
5781416
5786708
5792004
5797304
5802606
5807913
5813222
5818536
5823852
5829172
5834496
5839823
5845153
5850486
5855823
5861164
5866508
5871855
5877205
5882559
5887916
5893277
5898641
5904008
5909378
5914752
5920129
5925510
5930893
5936280
5941671
5947064
5952461
5957861
5963264
5968671
5974080
5979493
5984909
5990329
5995751
6001177
6006606
6012038
6017473
6022912
6028353
6033798
6039246
6044697
6050151
6055608
6061069
6066532
6071999
6077469
6082941
6088417
6093896
6099378
6104863
6110351
6115842
6121336
6126833
6132334
6137837
6143343
6148852
6154364
6159880
6165398
6170919
6176443
6181970
6187500
6193033
6198568
6204107
6209649
6215193
6220741
6226291
6231844
6237400
6242959
6248521
6254086
6259653
6265224
6270797
6276373
6281952
6287534
6293118
6298705
6304295
6309888
6315484
6321082
6326683
6332287
6337894
6343503
6349115
6354730
6360348
6365968
6371591
6377216
6382845
6388476
6394109
6399746
6405384
6411026
6416670
6422317
6427967
6433619
6439274
6444931
6450591
6456253
6461918
6467586
6473256
6478929
6484604
6490282
6495962
6501645
6507331
6513019
6518709
6524402
6530097
6535795
6541496
6547199
6552904
6558612
6564322
6570034
6575749
6581467
6587187
6592909
6598634
6604361
6610090
6615822
6621556
6627293
6633032
6638773
6644516
6650262
6656010
6661761
6667514
6673269
6679026
6684786
6690548
6696312
6702079
6707847
6713618
6719391
6725167
6730944
6736724
6742506
6748291
6754077
6759866
6765657
6771449
6777245
6783042
6788841
6794643
6800446
6806252
6812060
6817870
6823682
6829496
6835313
6841131
6846951
6852774
6858598
6864425
6870254
6876084
6881917
6887751
6893588
6899427
6905267
6911110
6916955
6922801
6928650
6934500
6940352
6946207
6952063
6957921
6963781
6969643
6975507
6981373
6987240
6993110
6998981
7004854
7010729
7016606
7022485
7028365
7034248
7040132
7046018
7051906
7057795
7063687
7069580
7075474
7081371
7087269
7093169
7099071
7104975
7110880
7116787
7122695
7128606
7134518
7140431
7146347
7152264
7158182
7164103
7170025
7175948
7181873
7187800
7193728
7199658
7205590
7211523
7217458
7223394
7229332
7235271
7241212
7247155
7253099
7259044
7264991
7270939
7276889
7282841
7288794
7294748
7300704
7306661
7312620
7318580
7324542
7330505
7336469
7342435
7348402
7354371
7360341
7366312
7372285
7378259
7384235
7390211
7396190
7402169
7408150
7414132
7420115
7426100
7432086
7438073
7444061
7450051
7456042
7462034
7468028
7474023
7480019
7486016
7492014
7498014
7504014
7510016
7516019
7522024
7528029
7534035
7540043
7546052
7552062
7558073
7564085
7570098
7576113
7582128
7588145
7594162
7600181
7606201
7612221
7618243
7624266
7630290
7636315
7642340
7648367
7654395
7660424
7666454
7672484
7678516
7684549
7690582
7696617
7702652
7708689
7714726
7720764
7726803
7732843
7738884
7744925
7750968
7757011
7763056
7769101
7775146
7781193
7787241
7793289
7799338
7805388
7811439
7817490
7823542
7829595
7835649
7841703
7847759
7853814
7859871
7865928
7871986
7878045
7884104
7890164
7896225
7902287
7908349
7914411
7920475
7926538
7932603
7938668
7944734
7950800
7956867
7962935
7969003
7975071
7981140
7987210
7993280
7999351
8005422
8011494
8017567
8023639
8029713
8035786
8041861
8047935
8054011
8060086
8066162
8072239
8078316
8084393
8090471
8096549
8102627
8108706
8114785
8120865
8126945
8133025
8139106
8145187
8151268
8157350
8163432
8169514
8175597
8181680
8187763
8193846
8199930
8206014
8212098
8218182
8224267
8230352
8236437
8242522
8248607
8254693
8260779
8266865
8272951
8279037
8285123
8291210
8297297
8303383
8309470
8315557
8321644
8327732
8333819
8339906
8345994
8352081
8358169
8364256
8370344
8376432
8382519
8388607
8394695
8400782
8406870
8412958
8419045
8425133
8431220
8437308
8443395
8449482
8455570
8461657
8467744
8473831
8479917
8486004
8492091
8498177
8504263
8510349
8516435
8522521
8528607
8534692
8540777
8546862
8552947
8559032
8565116
8571200
8577284
8583368
8589451
8595534
8601617
8607700
8613782
8619864
8625946
8632027
8638108
8644189
8650269
8656349
8662429
8668508
8674587
8680665
8686743
8692821
8698898
8704975
8711052
8717128
8723203
8729279
8735353
8741428
8747501
8753575
8759647
8765720
8771792
8777863
8783934
8790004
8796074
8802143
8808211
8814279
8820347
8826414
8832480
8838546
8844611
8850676
8856739
8862803
8868865
8874927
8880989
8887050
8893110
8899169
8905228
8911286
8917343
8923400
8929455
8935511
8941565
8947619
8953672
8959724
8965775
8971826
8977876
8983925
8989973
8996021
9002068
9008113
9014158
9020203
9026246
9032289
9038330
9044371
9050411
9056450
9062488
9068525
9074562
9080597
9086632
9092665
9098698
9104730
9110760
9116790
9122819
9128847
9134874
9140899
9146924
9152948
9158971
9164993
9171013
9177033
9183052
9189069
9195086
9201101
9207116
9213129
9219141
9225152
9231162
9237171
9243179
9249185
9255190
9261195
9267198
9273200
9279200
9285200
9291198
9297195
9303191
9309186
9315180
9321172
9327163
9333153
9339141
9345128
9351114
9357099
9363082
9369064
9375045
9381024
9387003
9392979
9398955
9404929
9410902
9416873
9422843
9428812
9434779
9440745
9446709
9452672
9458634
9464594
9470553
9476510
9482466
9488420
9494373
9500325
9506275
9512223
9518170
9524115
9530059
9536002
9541943
9547882
9553820
9559756
9565691
9571624
9577556
9583486
9589414
9595341
9601266
9607189
9613111
9619032
9624950
9630867
9636783
9642696
9648608
9654519
9660427
9666334
9672239
9678143
9684045
9689945
9695843
9701740
9707634
9713527
9719419
9725308
9731196
9737082
9742966
9748849
9754729
9760608
9766485
9772360
9778233
9784104
9789974
9795841
9801707
9807571
9813433
9819293
9825151
9831007
9836862
9842714
9848564
9854413
9860259
9866104
9871947
9877787
9883626
9889463
9895297
9901130
9906960
9912789
9918616
9924440
9930263
9936083
9941901
9947718
9953532
9959344
9965154
9970962
9976768
9982571
9988373
9994172
9999969
10005765
10011557
10017348
10023137
10028923
10034708
10040490
10046270
10052047
10057823
10063596
10069367
10075135
10080902
10086666
10092428
10098188
10103945
10109700
10115453
10121204
10126952
10132698
10138441
10144182
10149921
10155658
10161392
10167124
10172853
10178580
10184305
10190027
10195747
10201465
10207180
10212892
10218602
10224310
10230015
10235718
10241419
10247117
10252812
10258505
10264195
10269883
10275569
10281252
10286932
10292610
10298285
10303958
10309628
10315296
10320961
10326623
10332283
10337940
10343595
10349247
10354897
10360544
10366188
10371830
10377468
10383105
10388738
10394369
10399998
10405623
10411246
10416866
10422484
10428099
10433711
10439320
10444927
10450531
10456132
10461730
10467326
10472919
10478509
10484096
10489680
10495262
10500841
10506417
10511990
10517561
10523128
10528693
10534255
10539814
10545370
10550923
10556473
10562021
10567565
10573107
10578646
10584181
10589714
10595244
10600771
10606295
10611816
10617334
10622850
10628362
10633871
10639377
10644880
10650381
10655878
10661372
10666863
10672351
10677836
10683318
10688797
10694273
10699745
10705215
10710682
10716145
10721606
10727063
10732517
10737968
10743416
10748861
10754302
10759741
10765176
10770608
10776037
10781463
10786885
10792305
10797721
10803134
10808543
10813950
10819353
10824753
10830150
10835543
10840934
10846321
10851704
10857085
10862462
10867836
10873206
10878573
10883937
10889298
10894655
10900009
10905359
10910706
10916050
10921391
10926728
10932061
10937391
10942718
10948042
10953362
10958678
10963992
10969301
10974608
10979910
10985210
10990506
10995798
11001087
11006373
11011655
11016933
11022208
11027480
11032748
11038012
11043273
11048530
11053784
11059034
11064281
11069524
11074764
11080000
11085232
11090461
11095686
11100908
11106126
11111340
11116551
11121758
11126961
11132161
11137357
11142549
11147738
11152923
11158105
11163282
11168456
11173626
11178793
11183956
11189115
11194270
11199422
11204570
11209714
11214854
11219991
11225124
11230253
11235378
11240499
11245617
11250731
11255841
11260947
11266050
11271148
11276243
11281333
11286420
11291504
11296583
11301658
11306730
11311797
11316861
11321921
11326976
11332028
11337076
11342120
11347160
11352197
11357229
11362257
11367281
11372302
11377318
11382330
11387339
11392343
11397343
11402340
11407332
11412320
11417305
11422285
11427261
11432233
11437201
11442165
11447125
11452081
11457033
11461980
11466924
11471863
11476799
11481730
11486657
11491580
11496499
11501413
11506324
11511230
11516133
11521031
11525924
11530814
11535700
11540581
11545458
11550331
11555199
11560064
11564924
11569780
11574632
11579479
11584322
11589161
11593996
11598826
11603652
11608474
11613292
11618105
11622914
11627718
11632519
11637315
11642106
11646893
11651676
11656455
11661229
11665999
11670764
11675526
11680282
11685035
11689782
11694526
11699265
11704000
11708730
11713456
11718177
11722894
11727607
11732315
11737018
11741718
11746412
11751102
11755788
11760469
11765146
11769818
11774486
11779149
11783808
11788462
11793111
11797756
11802397
11807033
11811664
11816291
11820913
11825531
11830144
11834752
11839356
11843956
11848550
11853140
11857726
11862307
11866883
11871454
11876021
11880583
11885141
11889694
11894242
11898786
11903325
11907859
11912388
11916913
11921433
11925949
11930459
11934965
11939466
11943963
11948455
11952942
11957424
11961901
11966374
11970842
11975305
11979763
11984217
11988666
11993110
11997549
12001983
12006413
12010837
12015257
12019672
12024083
12028488
12032888
12037284
12041675
12046061
12050442
12054818
12059189
12063555
12067917
12072273
12076625
12080971
12085313
12089650
12093982
12098309
12102631
12106948
12111260
12115567
12119869
12124166
12128459
12132746
12137028
12141305
12145577
12149845
12154107
12158364
12162616
12166863
12171105
12175342
12179574
12183801
12188023
12192239
12196451
12200658
12204859
12209056
12213247
12217433
12221614
12225790
12229961
12234127
12238288
12242443
12246593
12250739
12254879
12259014
12263143
12267268
12271387
12275501
12279610
12283714
12287813
12291906
12295995
12300078
12304155
12308228
12312295
12316357
12320414
12324466
12328512
12332553
12336589
12340620
12344645
12348665
12352680
12356689
12360694
12364692
12368686
12372674
12376657
12380635
12384607
12388574
12392536
12396492
12400443
12404389
12408329
12412264
12416193
12420117
12424036
12427949
12431857
12435760
12439657
12443549
12447435
12451316
12455192
12459062
12462927
12466786
12470640
12474488
12478331
12482169
12486001
12489827
12493648
12497464
12501274
12505078
12508878
12512671
12516459
12520242
12524019
12527791
12531557
12535317
12539072
12542822
12546566
12550304
12554037
12557764
12561486
12565202
12568913
12572618
12576317
12580011
12583699
12587382
12591059
12594730
12598396
12602056
12605711
12609360
12613003
12616641
12620273
12623900
12627520
12631135
12634745
12638349
12641947
12645539
12649126
12652707
12656282
12659852
12663416
12666974
12670527
12674074
12677615
12681151
12684680
12688204
12691722
12695235
12698742
12702243
12705738
12709228
12712711
12716189
12719661
12723128
12726588
12730043
12733492
12736936
12740373
12743805
12747231
12750651
12754065
12757473
12760876
12764273
12767663
12771048
12774428
12777801
12781169
12784530
12787886
12791236
12794580
12797918
12801250
12804577
12807897
12811212
12814520
12817823
12821120
12824411
12827696
12830975
12834248
12837516
12840777
12844032
12847282
12850525
12853763
12856995
12860220
12863440
12866654
12869861
12873063
12876259
12879449
12882632
12885810
12888982
12892148
12895308
12898461
12901609
12904751
12907887
12911016
12914140
12917258
12920369
12923475
12926574
12929668
12932755
12935836
12938911
12941981
12945044
12948101
12951152
12954197
12957235
12960268
12963295
12966315
12969329
12972338
12975340
12978336
12981326
12984309
12987287
12990259
12993224
12996183
12999136
13002083
13005024
13007958
13010887
13013809
13016725
13019635
13022539
13025436
13028328
13031213
13034092
13036965
13039831
13042692
13045546
13048394
13051236
13054071
13056901
13059724
13062541
13065351
13068156
13070954
13073746
13076531
13079311
13082084
13084851
13087611
13090366
13093114
13095856
13098591
13101320
13104043
13106760
13109470
13112174
13114872
13117563
13120249
13122927
13125600
13128266
13130926
13133580
13136227
13138868
13141502
13144130
13146752
13149368
13151977
13154580
13157176
13159766
13162350
13164927
13167498
13170063
13172621
13175173
13177719
13180258
13182790
13185317
13187837
13190350
13192857
13195358
13197852
13200340
13202821
13205296
13207765
13210227
13212683
13215132
13217575
13220011
13222441
13224865
13227282
13229692
13232097
13234494
13236886
13239270
13241649
13244020
13246386
13248745
13251097
13253443
13255782
13258115
13260441
13262761
13265075
13267382
13269682
13271976
13274263
13276544
13278818
13281086
13283347
13285602
13287850
13290092
13292327
13294556
13296778
13298993
13301202
13303405
13305601
13307790
13309973
13312149
13314318
13316481
13318638
13320788
13322931
13325068
13327198
13329321
13331438
13333549
13335652
13337749
13339840
13341924
13344001
13346072
13348136
13350194
13352244
13354289
13356326
13358357
13360382
13362399
13364411
13366415
13368413
13370404
13372389
13374366
13376338
13378302
13380260
13382211
13384156
13386094
13388025
13389950
13391868
13393779
13395684
13397582
13399473
13401357
13403235
13405106
13406971
13408829
13410680
13412524
13414362
13416193
13418017
13419834
13421645
13423449
13425247
13427037
13428821
13430599
13432369
13434133
13435890
13437640
13439384
13441121
13442851
13444574
13446291
13448001
13449704
13451400
13453090
13454773
13456449
13458118
13459781
13461437
13463086
13464728
13466364
13467992
13469614
13471229
13472838
13474439
13476034
13477622
13479204
13480778
13482346
13483907
13485461
13487008
13488549
13490082
13491609
13493129
13494642
13496149
13497648
13499141
13500627
13502106
13503579
13505044
13506503
13507955
13509400
13510838
13512270
13513694
13515112
13516523
13517927
13519324
13520714
13522098
13523475
13524844
13526207
13527563
13528913
13530255
13531591
13532919
13534241
13535556
13536864
13538165
13539460
13540747
13542028
13543301
13544568
13545828
13547081
13548327
13549567
13550799
13552025
13553243
13554455
13555660
13556858
13558049
13559233
13560411
13561581
13562745
13563901
13565051
13566194
13567330
13568458
13569581
13570696
13571804
13572905
13574000
13575087
13576168
13577241
13578308
13579368
13580421
13581467
13582506
13583538
13584563
13585581
13586593
13587597
13588594
13589585
13590568
13591545
13592515
13593477
13594433
13595382
13596324
13597259
13598187
13599108
13600022
13600929
13601829
13602723
13603609
13604488
13605361
13606226
13607085
13607936
13608781
13609618
13610449
13611272
13612089
13612899
13613702
13614497
13615286
13616068
13616843
13617611
13618372
13619125
13619872
13620612
13621345
13622071
13622790
13623502
13624207
13624905
13625597
13626281
13626958
13627628
13628291
13628947
13629596
13630238
13630874
13631502
13632123
13632737
13633344
13633945
13634538
13635124
13635703
13636275
13636841
13637399
13637950
13638494
13639031
13639562
13640085
13640601
13641110
13641612
13642107
13642596
13643077
13643551
13644018
13644478
13644931
13645377
13645816
13646248
13646673
13647091
13647502
13647906
13648303
13648693
13649076
13649452
13649821
13650183
13650538
13650886
13651227
13651560
13651887
13652207
13652520
13652825
13653124
13653416
13653701
13653978
13654249
13654512
13654769
13655018
13655261
13655496
13655725
13655946
13656161
13656368
13656569
13656762
13656948
13657127
13657300
13657465
13657623
13657774
13657918
13658055
13658186
13658309
13658425
13658534
13658635
13658730
13658818
13658899
13658973
13659040
13659100
13659152
13659198
13659237
13659268
13659293
13659310
13659321
8388607
8530602
8672294
8813380
8953561
9092535
9230007
9365684
9499275
9630497
9759068
9884714
10007168
10126167
10241459
10352796
10459942
10562667
10660753
10753990
10842179
10925132
11002672
11074633
11140863
11201219
11255572
11303808
11345822
11381525
11410842
11433708
11450077
11459912
11463192
11459912
11450077
11433708
11410842
11381525
11345822
11303808
11255572
11201219
11140863
11074633
11002672
10925132
10842179
10753990
10660753
10562667
10459942
10352796
10241459
10126167
10007168
9884714
9759068
9630497
9499275
9365684
9230007
9092535
8953561
8813380
8672294
8530602
8388607
8246612
8104920
7963834
7823653
7684679
7547207
7411530
7277939
7146717
7018146
6892500
6770046
6651047
6535755
6424418
6317272
6214547
6116461
6023224
5935035
5852082
5774542
5702581
5636351
5575995
5521642
5473406
5431392
5395689
5366372
5343506
5327137
5317302
5314022
5317302
5327137
5343506
5366372
5395689
5431392
5473406
5521642
5575995
5636351
5702581
5774542
5852082
5935035
6023224
6116461
6214547
6317272
6424418
6535755
6651047
6770046
6892500
7018146
7146717
7277939
7411530
7547207
7684679
7823653
7963834
8104920
8246612
8388607
8530602
8672294
8813380
8953561
9092535
9230007
9365684
9499275
9630497
9759068
9884714
10007168
10126167
10241459
10352796
10459942
10562667
10660753
10753990
10842179
10925132
11002672
11074633
11140863
11201219
11255572
11303808
11345822
11381525
11410842
11433708
11450077
11459912
11463192
11459912
11450077
11433708
11410842
11381525
11345822
11303808
11255572
11201219
11140863
11074633
11002672
10925132
10842179
10753990
10660753
10562667
10459942
10352796
10241459
10126167
10007168
9884714
9759068
9630497
9499275
9365684
9230007
9092535
8953561
8813380
8672294
8530602
8388607
8246612
8104920
7963834
7823653
7684679
7547207
7411530
7277939
7146717
7018146
6892500
6770046
6651047
6535755
6424418
6317272
6214547
6116461
6023224
5935035
5852082
5774542
5702581
5636351
5575995
5521642
5473406
5431392
5395689
5366372
5343506
5327137
5317302
5314022
5317302
5327137
5343506
5366372
5395689
5431392
5473406
5521642
5575995
5636351
5702581
5774542
5852082
5935035
6023224
6116461
6214547
6317272
6424418
6535755
6651047
6770046
6892500
7018146
7146717
7277939
7411530
7547207
7684679
7823653
7963834
8104920
8246612
8388607
8530602
8672294
8813380
8953561
9092535
9230007
9365684
9499275
9630497
9759068
9884714
10007168
10126167
10241459
10352796
10459942
10562667
10660753
10753990
10842179
10925132
11002672
11074633
11140863
11201219
11255572
11303808
11345822
11381525
11410842
11433708
11450077
11459912
11463192
11459912
11450077
11433708
11410842
11381525
11345822
11303808
11255572
11201219
11140863
11074633
11002672
10925132
10842179
10753990
10660753
10562667
10459942
10352796
10241459
10126167
10007168
9884714
9759068
9630497
9499275
9365684
9230007
9092535
8953561
8813380
8672294
8530602
8388607
8246612
8104920
7963834
7823653
7684679
7547207
7411530
7277939
7146717
7018146
6892500
6770046
6651047
6535755
6424418
6317272
6214547
6116461
6023224
5935035
5852082
5774542
5702581
5636351
5575995
5521642
5473406
5431392
5395689
5366372
5343506
5327137
5317302
5314022
5317302
5327137
5343506
5366372
5395689
5431392
5473406
5521642
5575995
5636351
5702581
5774542
5852082
5935035
6023224
6116461
6214547
6317272
6424418
6535755
6651047
6770046
6892500
7018146
7146717
7277939
7411530
7547207
7684679
7823653
7963834
8104920
8246612
8388607
8530602
8672294
8813380
8953561
9092535
9230007
9365684
9499275
9630497
9759068
9884714
10007168
10126167
10241459
10352796
10459942
10562667
10660753
10753990
10842179
10925132
11002672
11074633
11140863
11201219
11255572
11303808
11345822
11381525
11410842
11433708
11450077
11459912
11463192
11459912
11450077
11433708
11410842
11381525
11345822
11303808
11255572
11201219
11140863
11074633
11002672
10925132
10842179
10753990
10660753
10562667
10459942
10352796
10241459
10126167
10007168
9884714
9759068
9630497
9499275
9365684
9230007
9092535
8953561
8813380
8672294
8530602
8388607
8246612
8104920
7963834
7823653
7684679
7547207
7411530
7277939
7146717
7018146
6892500
6770046
6651047
6535755
6424418
6317272
6214547
6116461
6023224
5935035
5852082
5774542
5702581
5636351
5575995
5521642
5473406
5431392
5395689
5366372
5343506
5327137
5317302
5314022
5317302
5327137
5343506
5366372
5395689
5431392
5473406
5521642
5575995
5636351
5702581
5774542
5852082
5935035
6023224
6116461
6214547
6317272
6424418
6535755
6651047
6770046
6892500
7018146
7146717
7277939
7411530
7547207
7684679
7823653
7963834
8104920
8246612
8388607
8530602
8672294
8813380
8953561
9092535
9230007
9365684
9499275
9630497
9759068
9884714
10007168
10126167
10241459
10352796
10459942
10562667
10660753
10753990
10842179
10925132
11002672
11074633
11140863
11201219
11255572
11303808
11345822
11381525
11410842
11433708
11450077
11459912
11463192
11459912
11450077
11433708
11410842
11381525
11345822
11303808
11255572
11201219
11140863
11074633
11002672
10925132
10842179
10753990
10660753
10562667
10459942
10352796
10241459
10126167
10007168
9884714
9759068
9630497
9499275
9365684
9230007
9092535
8953561
8813380
8672294
8530602
8388607
8246612
8104920
7963834
7823653
7684679
7547207
7411530
7277939
7146717
7018146
6892500
6770046
6651047
6535755
6424418
6317272
6214547
6116461
6023224
5935035
5852082
5774542
5702581
5636351
5575995
5521642
5473406
5431392
5395689
5366372
5343506
5327137
5317302
5314022
5317302
5327137
5343506
5366372
5395689
5431392
5473406
5521642
5575995
5636351
5702581
5774542
5852082
5935035
6023224
6116461
6214547
6317272
6424418
6535755
6651047
6770046
6892500
7018146
7146717
7277939
7411530
7547207
7684679
7823653
7963834
8104920
8246612
8388607
8530602
8672294
8813380
8953561
9092535
9230007
9365684
9499275
9630497
9759068
9884714
10007168
10126167
10241459
10352796
10459942
10562667
10660753
10753990
10842179
10925132
11002672
11074633
11140863
11201219
11255572
11303808
11345822
11381525
11410842
11433708
11450077
11459912
11463192
11459912
11450077
11433708
11410842
11381525
11345822
11303808
11255572
11201219
11140863
11074633
11002672
10925132
10842179
10753990
10660753
10562667
10459942
10352796
10241459
10126167
10007168
9884714
9759068
9630497
9499275
9365684
9230007
9092535
8953561
8813380
8672294
8530602
8388607
8246612
8104920
7963834
7823653
7684679
7547207
7411530
7277939
7146717
7018146
6892500
6770046
6651047
6535755
6424418
6317272
6214547
6116461
6023224
5935035
5852082
5774542
5702581
5636351
5575995
5521642
5473406
5431392
5395689
5366372
5343506
5327137
5317302
5314022
5317302
5327137
5343506
5366372
5395689
5431392
5473406
5521642
5575995
5636351
5702581
5774542
5852082
5935035
6023224
6116461
6214547
6317272
6424418
6535755
6651047
6770046
6892500
7018146
7146717
7277939
7411530
7547207
7684679
7823653
7963834
8104920
8246612
8388607
8530602
8672294
8813380
8953561
9092535
9230007
9365684
9499275
9630497
9759068
9884714
10007168
10126167
10241459
10352796
10459942
10562667
10660753
10753990
10842179
10925132
11002672
11074633
11140863
11201219
11255572
11303808
11345822
11381525
11410842
11433708
11450077
11459912
11463192
11459912
11450077
11433708
11410842
11381525
11345822
11303808
11255572
11201219
11140863
11074633
11002672
10925132
10842179
10753990
10660753
10562667
10459942
10352796
10241459
10126167
10007168
9884714
9759068
9630497
9499275
9365684
9230007
9092535
8953561
8813380
8672294
8530602
8388607
8246612
8104920
7963834
7823653
7684679
7547207
7411530
7277939
7146717
7018146
6892500
6770046
6651047
6535755
6424418
6317272
6214547
6116461
6023224
5935035
5852082
5774542
5702581
5636351
5575995
5521642
5473406
5431392
5395689
5366372
5343506
5327137
5317302
5314022
5317302
5327137
5343506
5366372
5395689
5431392
5473406
5521642
5575995
5636351
5702581
5774542
5852082
5935035
6023224
6116461
6214547
6317272
6424418
6535755
6651047
6770046
6892500
7018146
7146717
7277939
7411530
7547207
7684679
7823653
7963834
8104920
8246612
8388607
8530602
8672294
8813380
8953561
9092535
9230007
9365684
9499275
9630497
9759068
9884714
10007168
10126167
10241459
10352796
10459942
10562667
10660753
10753990
10842179
10925132
11002672
11074633
11140863
11201219
11255572
11303808
11345822
11381525
11410842
11433708
11450077
11459912
11463192
11459912
11450077
11433708
11410842
11381525
11345822
11303808
11255572
11201219
11140863
11074633
11002672
10925132
10842179
10753990
10660753
10562667
10459942
10352796
10241459
10126167
10007168
9884714
9759068
9630497
9499275
9365684
9230007
9092535
8953561
8813380
8672294
8530602
8388607
8246612
8104920
7963834
7823653
7684679
7547207
7411530
7277939
7146717
7018146
6892500
6770046
6651047
6535755
6424418
6317272
6214547
6116461
6023224
5935035
5852082
5774542
5702581
5636351
5575995
5521642
5473406
5431392
5395689
5366372
5343506
5327137
5317302
5314022
5317302
5327137
5343506
5366372
5395689
5431392
5473406
5521642
5575995
5636351
5702581
5774542
5852082
5935035
6023224
6116461
6214547
6317272
6424418
6535755
6651047
6770046
6892500
7018146
7146717
7277939
7411530
7547207
7684679
7823653
7963834
8104920
8246612
8388607
8530602
8672294
8813380
8953561
9092535
9230007
9365684
9499275
9630497
9759068
9884714
10007168
10126167
10241459
10352796
10459942
10562667
10660753
10753990
10842179
10925132
11002672
11074633
11140863
11201219
11255572
11303808
11345822
11381525
11410842
11433708
11450077
11459912
11463192
11459912
11450077
11433708
11410842
11381525
11345822
11303808
11255572
11201219
11140863
11074633
11002672
10925132
10842179
10753990
10660753
10562667
10459942
10352796
10241459
10126167
10007168
9884714
9759068
9630497
9499275
9365684
9230007
9092535
8953561
8813380
8672294
8530602
8388607
8246612
8104920
7963834
7823653
7684679
7547207
7411530
7277939
7146717
7018146
6892500
6770046
6651047
6535755
6424418
6317272
6214547
6116461
6023224
5935035
5852082
5774542
5702581
5636351
5575995
5521642
5473406
5431392
5395689
5366372
5343506
5327137
5317302
5314022
5317302
5327137
5343506
5366372
5395689
5431392
5473406
5521642
5575995
5636351
5702581
5774542
5852082
5935035
6023224
6116461
6214547
6317272
6424418
6535755
6651047
6770046
6892500
7018146
7146717
7277939
7411530
7547207
7684679
7823653
7963834
8104920
8246612
8388607
8530602
8672294
8813380
8953561
9092535
9230007
9365684
9499275
9630497
9759068
9884714
10007168
10126167
10241459
10352796
10459942
10562667
10660753
10753990
10842179
10925132
11002672
11074633
11140863
11201219
11255572
11303808
11345822
11381525
11410842
11433708
11450077
11459912
11463192
11459912
11450077
11433708
11410842
11381525
11345822
11303808
11255572
11201219
11140863
11074633
11002672
10925132
10842179
10753990
10660753
10562667
10459942
10352796
10241459
10126167
10007168
9884714
9759068
9630497
9499275
9365684
9230007
9092535
8953561
8813380
8672294
8530602
8388607
8246612
8104920
7963834
7823653
7684679
7547207
7411530
7277939
7146717
7018146
6892500
6770046
6651047
6535755
6424418
6317272
6214547
6116461
6023224
5935035
5852082
5774542
5702581
5636351
5575995
5521642
5473406
5431392
5395689
5366372
5343506
5327137
5317302
5314022
5317302
5327137
5343506
5366372
5395689
5431392
5473406
5521642
5575995
5636351
5702581
5774542
5852082
5935035
6023224
6116461
6214547
6317272
6424418
6535755
6651047
6770046
6892500
7018146
7146717
7277939
7411530
7547207
7684679
7823653
7963834
8104920
8246612
8388607
8530602
8672294
8813380
8953561
9092535
9230007
9365684
9499275
9630497
9759068
9884714
10007168
10126167
10241459
10352796
10459942
10562667
10660753
10753990
10842179
10925132
11002672
11074633
11140863
11201219
11255572
11303808
11345822
11381525
11410842
11433708
11450077
11459912
11463192
11459912
11450077
11433708
11410842
11381525
11345822
11303808
11255572
11201219
11140863
11074633
11002672
10925132
10842179
10753990
10660753
10562667
10459942
10352796
10241459
10126167
10007168
9884714
9759068
9630497
9499275
9365684
9230007
9092535
8953561
8813380
8672294
8530602
8388607
8246612
8104920
7963834
7823653
7684679
7547207
7411530
7277939
7146717
7018146
6892500
6770046
6651047
6535755
6424418
6317272
6214547
6116461
6023224
5935035
5852082
5774542
5702581
5636351
5575995
5521642
5473406
5431392
5395689
5366372
5343506
5327137
5317302
5314022
5317302
5327137
5343506
5366372
5395689
5431392
5473406
5521642
5575995
5636351
5702581
5774542
5852082
5935035
6023224
6116461
6214547
6317272
6424418
6535755
6651047
6770046
6892500
7018146
7146717
7277939
7411530
7547207
7684679
7823653
7963834
8104920
8246612
8388607
8530602
8672294
8813380
8953561
9092535
9230007
9365684
9499275
9630497
9759068
9884714
10007168
10126167
10241459
10352796
10459942
10562667
10660753
10753990
10842179
10925132
11002672
11074633
11140863
11201219
11255572
11303808
11345822
11381525
11410842
11433708
11450077
11459912
11463192
11459912
11450077
11433708
11410842
11381525
11345822
11303808
11255572
11201219
11140863
11074633
11002672
10925132
10842179
10753990
10660753
10562667
10459942
10352796
10241459
10126167
10007168
9884714
9759068
9630497
9499275
9365684
9230007
9092535
8953561
8813380
8672294
8530602
8388607
8246612
8104920
7963834
7823653
7684679
7547207
7411530
7277939
7146717
7018146
6892500
6770046
6651047
6535755
6424418
6317272
6214547
6116461
6023224
5935035
5852082
5774542
5702581
5636351
5575995
5521642
5473406
5431392
5395689
5366372
5343506
5327137
5317302
5314022
5317302
5327137
5343506
5366372
5395689
5431392
5473406
5521642
5575995
5636351
5702581
5774542
5852082
5935035
6023224
6116461
6214547
6317272
6424418
6535755
6651047
6770046
6892500
7018146
7146717
7277939
7411530
7547207
7684679
7823653
7963834
8104920
8246612
8388607
8530602
8672294
8813380
8953561
9092535
9230007
9365684
9499275
9630497
9759068
9884714
10007168
10126167
10241459
10352796
10459942
10562667
10660753
10753990
10842179
10925132
11002672
11074633
11140863
11201219
11255572
11303808
11345822
11381525
11410842
11433708
11450077
11459912
11463192
11459912
11450077
11433708
11410842
11381525
11345822
11303808
11255572
11201219
11140863
11074633
11002672
10925132
10842179
10753990
10660753
10562667
10459942
10352796
10241459
10126167
10007168
9884714
9759068
9630497
9499275
9365684
9230007
9092535
8953561
8813380
8672294
8530602
8388607
8246612
8104920
7963834
7823653
7684679
7547207
7411530
7277939
7146717
7018146
6892500
6770046
6651047
6535755
6424418
6317272
6214547
6116461
6023224
5935035
5852082
5774542
5702581
5636351
5575995
5521642
5473406
5431392
5395689
5366372
5343506
5327137
5317302
5314022
5317302
5327137
5343506
5366372
5395689
5431392
5473406
5521642
5575995
5636351
5702581
5774542
5852082
5935035
6023224
6116461
6214547
6317272
6424418
6535755
6651047
6770046
6892500
7018146
7146717
7277939
7411530
7547207
7684679
7823653
7963834
8104920
8246612
8388607
8530602
8672294
8813380
8953561
9092535
9230007
9365684
9499275
9630497
9759068
9884714
10007168
10126167
10241459
10352796
10459942
10562667
10660753
10753990
10842179
10925132
11002672
11074633
11140863
11201219
11255572
11303808
11345822
11381525
11410842
11433708
11450077
11459912
11463192
11459912
11450077
11433708
11410842
11381525
11345822
11303808
11255572
11201219
11140863
11074633
11002672
10925132
10842179
10753990
10660753
10562667
10459942
10352796
10241459
10126167
10007168
9884714
9759068
9630497
9499275
9365684
9230007
9092535
8953561
8813380
8672294
8530602
8388607
8246612
8104920
7963834
7823653
7684679
7547207
7411530
7277939
7146717
7018146
6892500
6770046
6651047
6535755
6424418
6317272
6214547
6116461
6023224
5935035
5852082
5774542
5702581
5636351
5575995
5521642
5473406
5431392
5395689
5366372
5343506
5327137
5317302
5314022
5317302
5327137
5343506
5366372
5395689
5431392
5473406
5521642
5575995
5636351
5702581
5774542
5852082
5935035
6023224
6116461
6214547
6317272
6424418
6535755
6651047
6770046
6892500
7018146
7146717
7277939
7411530
7547207
7684679
7823653
7963834
8104920
8246612
8388607
8530602
8672294
8813380
8953561
9092535
9230007
9365684
9499275
9630497
9759068
9884714
10007168
10126167
10241459
10352796
10459942
10562667
10660753
10753990
10842179
10925132
11002672
11074633
11140863
11201219
11255572
11303808
11345822
11381525
11410842
11433708
11450077
11459912
11463192
11459912
11450077
11433708
11410842
11381525
11345822
11303808
11255572
11201219
11140863
11074633
11002672
10925132
10842179
10753990
10660753
10562667
10459942
10352796
10241459
10126167
10007168
9884714
9759068
9630497
9499275
9365684
9230007
9092535
8953561
8813380
8672294
8530602
8388607
8246612
8104920
7963834
7823653
7684679
7547207
7411530
7277939
7146717
7018146
6892500
6770046
6651047
6535755
6424418
6317272
6214547
6116461
6023224
5935035
5852082
5774542
5702581
5636351
5575995
5521642
5473406
5431392
5395689
5366372
5343506
5327137
5317302
5314022
5317302
5327137
5343506
5366372
5395689
5431392
5473406
5521642
5575995
5636351
5702581
5774542
5852082
5935035
6023224
6116461
6214547
6317272
6424418
6535755
6651047
6770046
6892500
7018146
7146717
7277939
7411530
7547207
7684679
7823653
7963834
8104920
8246612
8388607
8530602
8672294
8813380
8953561
9092535
9230007
9365684
9499275
9630497
9759068
9884714
10007168
10126167
10241459
10352796
10459942
10562667
10660753
10753990
10842179
10925132
11002672
11074633
11140863
11201219
11255572
11303808
11345822
11381525
11410842
11433708
11450077
11459912
11463192
11459912
11450077
11433708
11410842
11381525
11345822
11303808
11255572
11201219
11140863
11074633
11002672
10925132
10842179
10753990
10660753
10562667
10459942
10352796
10241459
10126167
10007168
9884714
9759068
9630497
9499275
9365684
9230007
9092535
8953561
8813380
8672294
8530602
8388607
8246612
8104920
7963834
7823653
7684679
7547207
7411530
7277939
7146717
7018146
6892500
6770046
6651047
6535755
6424418
6317272
6214547
6116461
6023224
5935035
5852082
5774542
5702581
5636351
5575995
5521642
5473406
5431392
5395689
5366372
5343506
5327137
5317302
5314022
5317302
5327137
5343506
5366372
5395689
5431392
5473406
5521642
5575995
5636351
5702581
5774542
5852082
5935035
6023224
6116461
6214547
6317272
6424418
6535755
6651047
6770046
6892500
7018146
7146717
7277939
7411530
7547207
7684679
7823653
7963834
8104920
8246612
8388607
8530602
8672294
8813380
8953561
9092535
9230007
9365684
9499275
9630497
9759068
9884714
10007168
10126167
10241459
10352796
10459942
10562667
10660753
10753990
10842179
10925132
11002672
11074633
11140863
11201219
11255572
11303808
11345822
11381525
11410842
11433708
11450077
11459912
11463192
11459912
11450077
11433708
11410842
11381525
11345822
11303808
11255572
11201219
11140863
11074633
11002672
10925132
10842179
10753990
10660753
10562667
10459942
10352796
10241459
10126167
10007168
9884714
9759068
9630497
9499275
9365684
9230007
9092535
8953561
8813380
8672294
8530602
8388607
8246612
8104920
7963834
7823653
7684679
7547207
7411530
7277939
7146717
7018146
6892500
6770046
6651047
6535755
6424418
6317272
6214547
6116461
6023224
5935035
5852082
5774542
5702581
5636351
5575995
5521642
5473406
5431392
5395689
5366372
5343506
5327137
5317302
5314022
5317302
5327137
5343506
5366372
5395689
5431392
5473406
5521642
5575995
5636351
5702581
5774542
5852082
5935035
6023224
6116461
6214547
6317272
6424418
6535755
6651047
6770046
6892500
7018146
7146717
7277939
7411530
7547207
7684679
7823653
7963834
8104920
8246612
8388607
8530602
8672294
8813380
8953561
9092535
9230007
9365684
9499275
9630497
9759068
9884714
10007168
10126167
10241459
10352796
10459942
10562667
10660753
10753990
10842179
10925132
11002672
11074633
11140863
11201219
11255572
11303808
11345822
11381525
11410842
11433708
11450077
11459912
11463192
11459912
11450077
11433708
11410842
11381525
11345822
11303808
11255572
11201219
11140863
11074633
11002672
10925132
10842179
10753990
10660753
10562667
10459942
10352796
10241459
10126167
10007168
9884714
9759068
9630497
9499275
9365684
9230007
9092535
8953561
8813380
8672294
8530602
8388607
8246612
8104920
7963834
7823653
7684679
7547207
7411530
7277939
7146717
7018146
6892500
6770046
6651047
6535755
6424418
6317272
6214547
6116461
6023224
5935035
5852082
5774542
5702581
5636351
5575995
5521642
5473406
5431392
5395689
5366372
5343506
5327137
5317302
5314022
5317302
5327137
5343506
5366372
5395689
5431392
5473406
5521642
5575995
5636351
5702581
5774542
5852082
5935035
6023224
6116461
6214547
6317272
6424418
6535755
6651047
6770046
6892500
7018146
7146717
7277939
7411530
7547207
7684679
7823653
7963834
8104920
8246612
8388607
8530602
8672294
8813380
8953561
9092535
9230007
9365684
9499275
9630497
9759068
9884714
10007168
10126167
10241459
10352796
10459942
10562667
10660753
10753990
10842179
10925132
11002672
11074633
11140863
11201219
11255572
11303808
11345822
11381525
11410842
11433708
11450077
11459912
11463192
11459912
11450077
11433708
11410842
11381525
11345822
11303808
11255572
11201219
11140863
11074633
11002672
10925132
10842179
10753990
10660753
10562667
10459942
10352796
10241459
10126167
10007168
9884714
9759068
9630497
9499275
9365684
9230007
9092535
8953561
8813380
8672294
8530602
8388607
8246612
8104920
7963834
7823653
7684679
7547207
7411530
7277939
7146717
7018146
6892500
6770046
6651047
6535755
6424418
6317272
6214547
6116461
6023224
5935035
5852082
5774542
5702581
5636351
5575995
5521642
5473406
5431392
5395689
5366372
5343506
5327137
5317302
5314022
5317302
5327137
5343506
5366372
5395689
5431392
5473406
5521642
5575995
5636351
5702581
5774542
5852082
5935035
6023224
6116461
6214547
6317272
6424418
6535755
6651047
6770046
6892500
7018146
7146717
7277939
7411530
7547207
7684679
7823653
7963834
8104920
8246612
8388607
8530602
8672294
8813380
8953561
9092535
9230007
9365684
9499275
9630497
9759068
9884714
10007168
10126167
10241459
10352796
10459942
10562667
10660753
10753990
10842179
10925132
11002672
11074633
11140863
11201219
11255572
11303808
11345822
11381525
11410842
11433708
11450077
11459912
11463192
11459912
11450077
11433708
11410842
11381525
11345822
11303808
11255572
11201219
11140863
11074633
11002672
10925132
10842179
10753990
10660753
10562667
10459942
10352796
10241459
10126167
10007168
9884714
9759068
9630497
9499275
9365684
9230007
9092535
8953561
8813380
8672294
8530602
8388607
8246612
8104920
7963834
7823653
7684679
7547207
7411530
7277939
7146717
7018146
6892500
6770046
6651047
6535755
6424418
6317272
6214547
6116461
6023224
5935035
5852082
5774542
5702581
5636351
5575995
5521642
5473406
5431392
5395689
5366372
5343506
5327137
5317302
5314022
5317302
5327137
5343506
5366372
5395689
5431392
5473406
5521642
5575995
5636351
5702581
5774542
5852082
5935035
6023224
6116461
6214547
6317272
6424418
6535755
6651047
6770046
6892500
7018146
7146717
7277939
7411530
7547207
7684679
7823653
7963834
8104920
8246612
13659325
13659321
13659310
13659293
13659268
13659237
13659198
13659152
13659100
13659040
13658973
13658899
13658818
13658730
13658635
13658534
13658425
13658309
13658186
13658055
13657918
13657774
13657623
13657465
13657300
13657127
13656948
13656762
13656569
13656368
13656161
13655946
13655725
13655496
13655261
13655018
13654769
13654512
13654249
13653978
13653701
13653416
13653124
13652825
13652520
13652207
13651887
13651560
13651227
13650886
13650538
13650183
13649821
13649452
13649076
13648693
13648303
13647906
13647502
13647091
13646673
13646248
13645816
13645377
13644931
13644478
13644018
13643551
13643077
13642596
13642107
13641612
13641110
13640601
13640085
13639562
13639031
13638494
13637950
13637399
13636841
13636275
13635703
13635124
13634538
13633945
13633344
13632737
13632123
13631502
13630874
13630238
13629596
13628947
13628291
13627628
13626958
13626281
13625597
13624905
13624207
13623502
13622790
13622071
13621345
13620612
13619872
13619125
13618372
13617611
13616843
13616068
13615286
13614497
13613702
13612899
13612089
13611272
13610449
13609618
13608781
13607936
13607085
13606226
13605361
13604488
13603609
13602723
13601829
13600929
13600022
13599108
13598187
13597259
13596324
13595382
13594433
13593477
13592515
13591545
13590568
13589585
13588594
13587597
13586593
13585581
13584563
13583538
13582506
13581467
13580421
13579368
13578308
13577241
13576168
13575087
13574000
13572905
13571804
13570696
13569581
13568458
13567330
13566194
13565051
13563901
13562745
13561581
13560411
13559233
13558049
13556858
13555660
13554455
13553243
13552025
13550799
13549567
13548327
13547081
13545828
13544568
13543301
13542028
13540747
13539460
13538165
13536864
13535556
13534241
13532919
13531591
13530255
13528913
13527563
13526207
13524844
13523475
13522098
13520714
13519324
13517927
13516523
13515112
13513694
13512270
13510838
13509400
13507955
13506503
13505044
13503579
13502106
13500627
13499141
13497648
13496149
13494642
13493129
13491609
13490082
13488549
13487008
13485461
13483907
13482346
13480778
13479204
13477622
13476034
13474439
13472838
13471229
13469614
13467992
13466364
13464728
13463086
13461437
13459781
13458118
13456449
13454773
13453090
13451400
13449704
13448001
13446291
13444574
13442851
13441121
13439384
13437640
13435890
13434133
13432369
13430599
13428821
13427037
13425247
13423449
13421645
13419834
13418017
13416193
13414362
13412524
13410680
13408829
13406971
13405106
13403235
13401357
13399473
13397582
13395684
13393779
13391868
13389950
13388025
13386094
13384156
13382211
13380260
13378302
13376338
13374366
13372389
13370404
13368413
13366415
13364411
13362399
13360382
13358357
13356326
13354289
13352244
13350194
13348136
13346072
13344001
13341924
13339840
13337749
13335652
13333549
13331438
13329321
13327198
13325068
13322931
13320788
13318638
13316481
13314318
13312149
13309973
13307790
13305601
13303405
13301202
13298993
13296778
13294556
13292327
13290092
13287850
13285602
13283347
13281086
13278818
13276544
13274263
13271976
13269682
13267382
13265075
13262761
13260441
13258115
13255782
13253443
13251097
13248745
13246386
13244020
13241649
13239270
13236886
13234494
13232097
13229692
13227282
13224865
13222441
13220011
13217575
13215132
13212683
13210227
13207765
13205296
13202821
13200340
13197852
13195358
13192857
13190350
13187837
13185317
13182790
13180258
13177719
13175173
13172621
13170063
13167498
13164927
13162350
13159766
13157176
13154580
13151977
13149368
13146752
13144130
13141502
13138868
13136227
13133580
13130926
13128266
13125600
13122927
13120249
13117563
13114872
13112174
13109470
13106760
13104043
13101320
13098591
13095856
13093114
13090366
13087611
13084851
13082084
13079311
13076531
13073746
13070954
13068156
13065351
13062541
13059724
13056901
13054071
13051236
13048394
13045546
13042692
13039831
13036965
13034092
13031213
13028328
13025436
13022539
13019635
13016725
13013809
13010887
13007958
13005024
13002083
12999136
12996183
12993224
12990259
12987287
12984309
12981326
12978336
12975340
12972338
12969329
12966315
12963295
12960268
12957235
12954197
12951152
12948101
12945044
12941981
12938911
12935836
12932755
12929668
12926574
12923475
12920369
12917258
12914140
12911016
12907887
12904751
12901609
12898461
12895308
12892148
12888982
12885810
12882632
12879449
12876259
12873063
12869861
12866654
12863440
12860220
12856995
12853763
12850525
12847282
12844032
12840777
12837516
12834248
12830975
12827696
12824411
12821120
12817823
12814520
12811212
12807897
12804577
12801250
12797918
12794580
12791236
12787886
12784530
12781169
12777801
12774428
12771048
12767663
12764273
12760876
12757473
12754065
12750651
12747231
12743805
12740373
12736936
12733492
12730043
12726588
12723128
12719661
12716189
12712711
12709228
12705738
12702243
12698742
12695235
12691722
12688204
12684680
12681151
12677615
12674074
12670527
12666974
12663416
12659852
12656282
12652707
12649126
12645539
12641947
12638349
12634745
12631135
12627520
12623900
12620273
12616641
12613003
12609360
12605711
12602056
12598396
12594730
12591059
12587382
12583699
12580011
12576317
12572618
12568913
12565202
12561486
12557764
12554037
12550304
12546566
12542822
12539072
12535317
12531557
12527791
12524019
12520242
12516459
12512671
12508878
12505078
12501274
12497464
12493648
12489827
12486001
12482169
12478331
12474488
12470640
12466786
12462927
12459062
12455192
12451316
12447435
12443549
12439657
12435760
12431857
12427949
12424036
12420117
12416193
12412264
12408329
12404389
12400443
12396492
12392536
12388574
12384607
12380635
12376657
12372674
12368686
12364692
12360694
12356689
12352680
12348665
12344645
12340620
12336589
12332553
12328512
12324466
12320414
12316357
12312295
12308228
12304155
12300078
12295995
12291906
12287813
12283714
12279610
12275501
12271387
12267268
12263143
12259014
12254879
12250739
12246593
12242443
12238288
12234127
12229961
12225790
12221614
12217433
12213247
12209056
12204859
12200658
12196451
12192239
12188023
12183801
12179574
12175342
12171105
12166863
12162616
12158364
12154107
12149845
12145577
12141305
12137028
12132746
12128459
12124166
12119869
12115567
12111260
12106948
12102631
12098309
12093982
12089650
12085313
12080971
12076625
12072273
12067917
12063555
12059189
12054818
12050442
12046061
12041675
12037284
12032888
12028488
12024083
12019672
12015257
12010837
12006413
12001983
11997549
11993110
11988666
11984217
11979763
11975305
11970842
11966374
11961901
11957424
11952942
11948455
11943963
11939466
11934965
11930459
11925949
11921433
11916913
11912388
11907859
11903325
11898786
11894242
11889694
11885141
11880583
11876021
11871454
11866883
11862307
11857726
11853140
11848550
11843956
11839356
11834752
11830144
11825531
11820913
11816291
11811664
11807033
11802397
11797756
11793111
11788462
11783808
11779149
11774486
11769818
11765146
11760469
11755788
11751102
11746412
11741718
11737018
11732315
11727607
11722894
11718177
11713456
11708730
11704000
11699265
11694526
11689782
11685035
11680282
11675526
11670764
11665999
11661229
11656455
11651676
11646893
11642106
11637315
11632519
11627718
11622914
11618105
11613292
11608474
11603652
11598826
11593996
11589161
11584322
11579479
11574632
11569780
11564924
11560064
11555199
11550331
11545458
11540581
11535700
11530814
11525924
11521031
11516133
11511230
11506324
11501413
11496499
11491580
11486657
11481730
11476799
11471863
11466924
11461980
11457033
11452081
11447125
11442165
11437201
11432233
11427261
11422285
11417305
11412320
11407332
11402340
11397343
11392343
11387339
11382330
11377318
11372302
11367281
11362257
11357229
11352197
11347160
11342120
11337076
11332028
11326976
11321921
11316861
11311797
11306730
11301658
11296583
11291504
11286420
11281333
11276243
11271148
11266050
11260947
11255841
11250731
11245617
11240499
11235378
11230253
11225124
11219991
11214854
11209714
11204570
11199422
11194270
11189115
11183956
11178793
11173626
11168456
11163282
11158105
11152923
11147738
11142549
11137357
11132161
11126961
11121758
11116551
11111340
11106126
11100908
11095686
11090461
11085232
11080000
11074764
11069524
11064281
11059034
11053784
11048530
11043273
11038012
11032748
11027480
11022208
11016933
11011655
11006373
11001087
10995798
10990506
10985210
10979910
10974608
10969301
10963992
10958678
10953362
10948042
10942718
10937391
10932061
10926728
10921391
10916050
10910706
10905359
10900009
10894655
10889298
10883937
10878573
10873206
10867836
10862462
10857085
10851704
10846321
10840934
10835543
10830150
10824753
10819353
10813950
10808543
10803134
10797721
10792305
10786885
10781463
10776037
10770608
10765176
10759741
10754302
10748861
10743416
10737968
10732517
10727063
10721606
10716145
10710682
10705215
10699745
10694273
10688797
10683318
10677836
10672351
10666863
10661372
10655878
10650381
10644880
10639377
10633871
10628362
10622850
10617334
10611816
10606295
10600771
10595244
10589714
10584181
10578646
10573107
10567565
10562021
10556473
10550923
10545370
10539814
10534255
10528693
10523128
10517561
10511990
10506417
10500841
10495262
10489680
10484096
10478509
10472919
10467326
10461730
10456132
10450531
10444927
10439320
10433711
10428099
10422484
10416866
10411246
10405623
10399998
10394369
10388738
10383105
10377468
10371830
10366188
10360544
10354897
10349247
10343595
10337940
10332283
10326623
10320961
10315296
10309628
10303958
10298285
10292610
10286932
10281252
10275569
10269883
10264195
10258505
10252812
10247117
10241419
10235718
10230015
10224310
10218602
10212892
10207180
10201465
10195747
10190027
10184305
10178580
10172853
10167124
10161392
10155658
10149921
10144182
10138441
10132698
10126952
10121204
10115453
10109700
10103945
10098188
10092428
10086666
10080902
10075135
10069367
10063596
10057823
10052047
10046270
10040490
10034708
10028923
10023137
10017348
10011557
10005765
9999969
9994172
9988373
9982571
9976768
9970962
9965154
9959344
9953532
9947718
9941901
9936083
9930263
9924440
9918616
9912789
9906960
9901130
9895297
9889463
9883626
9877787
9871947
9866104
9860259
9854413
9848564
9842714
9836862
9831007
9825151
9819293
9813433
9807571
9801707
9795841
9789974
9784104
9778233
9772360
9766485
9760608
9754729
9748849
9742966
9737082
9731196
9725308
9719419
9713527
9707634
9701740
9695843
9689945
9684045
9678143
9672239
9666334
9660427
9654519
9648608
9642696
9636783
9630867
9624950
9619032
9613111
9607189
9601266
9595341
9589414
9583486
9577556
9571624
9565691
9559756
9553820
9547882
9541943
9536002
9530059
9524115
9518170
9512223
9506275
9500325
9494373
9488420
9482466
9476510
9470553
9464594
9458634
9452672
9446709
9440745
9434779
9428812
9422843
9416873
9410902
9404929
9398955
9392979
9387003
9381024
9375045
9369064
9363082
9357099
9351114
9345128
9339141
9333153
9327163
9321172
9315180
9309186
9303191
9297195
9291198
9285200
9279200
9273200
9267198
9261195
9255190
9249185
9243179
9237171
9231162
9225152
9219141
9213129
9207116
9201101
9195086
9189069
9183052
9177033
9171013
9164993
9158971
9152948
9146924
9140899
9134874
9128847
9122819
9116790
9110760
9104730
9098698
9092665
9086632
9080597
9074562
9068525
9062488
9056450
9050411
9044371
9038330
9032289
9026246
9020203
9014158
9008113
9002068
8996021
8989973
8983925
8977876
8971826
8965775
8959724
8953672
8947619
8941565
8935511
8929455
8923400
8917343
8911286
8905228
8899169
8893110
8887050
8880989
8874927
8868865
8862803
8856739
8850676
8844611
8838546
8832480
8826414
8820347
8814279
8808211
8802143
8796074
8790004
8783934
8777863
8771792
8765720
8759647
8753575
8747501
8741428
8735353
8729279
8723203
8717128
8711052
8704975
8698898
8692821
8686743
8680665
8674587
8668508
8662429
8656349
8650269
8644189
8638108
8632027
8625946
8619864
8613782
8607700
8601617
8595534
8589451
8583368
8577284
8571200
8565116
8559032
8552947
8546862
8540777
8534692
8528607
8522521
8516435
8510349
8504263
8498177
8492091
8486004
8479917
8473831
8467744
8461657
8455570
8449482
8443395
8437308
8431220
8425133
8419045
8412958
8406870
8400782
8394695
8388607
8382519
8376432
8370344
8364256
8358169
8352081
8345994
8339906
8333819
8327732
8321644
8315557
8309470
8303383
8297297
8291210
8285123
8279037
8272951
8266865
8260779
8254693
8248607
8242522
8236437
8230352
8224267
8218182
8212098
8206014
8199930
8193846
8187763
8181680
8175597
8169514
8163432
8157350
8151268
8145187
8139106
8133025
8126945
8120865
8114785
8108706
8102627
8096549
8090471
8084393
8078316
8072239
8066162
8060086
8054011
8047935
8041861
8035786
8029713
8023639
8017567
8011494
8005422
7999351
7993280
7987210
7981140
7975071
7969003
7962935
7956867
7950800
7944734
7938668
7932603
7926538
7920475
7914411
7908349
7902287
7896225
7890164
7884104
7878045
7871986
7865928
7859871
7853814
7847759
7841703
7835649
7829595
7823542
7817490
7811439
7805388
7799338
7793289
7787241
7781193
7775146
7769101
7763056
7757011
7750968
7744925
7738884
7732843
7726803
7720764
7714726
7708689
7702652
7696617
7690582
7684549
7678516
7672484
7666454
7660424
7654395
7648367
7642340
7636315
7630290
7624266
7618243
7612221
7606201
7600181
7594162
7588145
7582128
7576113
7570098
7564085
7558073
7552062
7546052
7540043
7534035
7528029
7522024
7516019
7510016
7504014
7498014
7492014
7486016
7480019
7474023
7468028
7462034
7456042
7450051
7444061
7438073
7432086
7426100
7420115
7414132
7408150
7402169
7396190
7390211
7384235
7378259
7372285
7366312
7360341
7354371
7348402
7342435
7336469
7330505
7324542
7318580
7312620
7306661
7300704
7294748
7288794
7282841
7276889
7270939
7264991
7259044
7253099
7247155
7241212
7235271
7229332
7223394
7217458
7211523
7205590
7199658
7193728
7187800
7181873
7175948
7170025
7164103
7158182
7152264
7146347
7140431
7134518
7128606
7122695
7116787
7110880
7104975
7099071
7093169
7087269
7081371
7075474
7069580
7063687
7057795
7051906
7046018
7040132
7034248
7028365
7022485
7016606
7010729
7004854
6998981
6993110
6987240
6981373
6975507
6969643
6963781
6957921
6952063
6946207
6940352
6934500
6928650
6922801
6916955
6911110
6905267
6899427
6893588
6887751
6881917
6876084
6870254
6864425
6858598
6852774
6846951
6841131
6835313
6829496
6823682
6817870
6812060
6806252
6800446
6794643
6788841
6783042
6777245
6771449
6765657
6759866
6754077
6748291
6742506
6736724
6730944
6725167
6719391
6713618
6707847
6702079
6696312
6690548
6684786
6679026
6673269
6667514
6661761
6656010
6650262
6644516
6638773
6633032
6627293
6621556
6615822
6610090
6604361
6598634
6592909
6587187
6581467
6575749
6570034
6564322
6558612
6552904
6547199
6541496
6535795
6530097
6524402
6518709
6513019
6507331
6501645
6495962
6490282
6484604
6478929
6473256
6467586
6461918
6456253
6450591
6444931
6439274
6433619
6427967
6422317
6416670
6411026
6405384
6399746
6394109
6388476
6382845
6377216
6371591
6365968
6360348
6354730
6349115
6343503
6337894
6332287
6326683
6321082
6315484
6309888
6304295
6298705
6293118
6287534
6281952
6276373
6270797
6265224
6259653
6254086
6248521
6242959
6237400
6231844
6226291
6220741
6215193
6209649
6204107
6198568
6193033
6187500
6181970
6176443
6170919
6165398
6159880
6154364
6148852
6143343
6137837
6132334
6126833
6121336
6115842
6110351
6104863
6099378
6093896
6088417
6082941
6077469
6071999
6066532
6061069
6055608
6050151
6044697
6039246
6033798
6028353
6022912
6017473
6012038
6006606
6001177
5995751
5990329
5984909
5979493
5974080
5968671
5963264
5957861
5952461
5947064
5941671
5936280
5930893
5925510
5920129
5914752
5909378
5904008
5898641
5893277
5887916
5882559
5877205
5871855
5866508
5861164
5855823
5850486
5845153
5839823
5834496
5829172
5823852
5818536
5813222
5807913
5802606
5797304
5792004
5786708
5781416
5776127
5770841
5765559
5760281
5755006
5749734
5744466
5739202
5733941
5728684
5723430
5718180
5712933
5707690
5702450
5697214
5691982
5686753
5681528
5676306
5671088
5665874
5660663
5655456
5650253
5645053
5639857
5634665
5629476
5624291
5619109
5613932
5608758
5603588
5598421
5593258
5588099
5582944
5577792
5572644
5567500
5562360
5557223
5552090
5546961
5541836
5536715
5531597
5526483
5521373
5516267
5511164
5506066
5500971
5495881
5490794
5485710
5480631
5475556
5470484
5465417
5460353
5455293
5450238
5445186
5440138
5435094
5430054
5425017
5419985
5414957
5409933
5404912
5399896
5394884
5389875
5384871
5379871
5374874
5369882
5364894
5359909
5354929
5349953
5344981
5340013
5335049
5330089
5325133
5320181
5315234
5310290
5305351
5300415
5295484
5290557
5285634
5280715
5275801
5270890
5265984
5261081
5256183
5251290
5246400
5241514
5236633
5231756
5226883
5222015
5217150
5212290
5207434
5202582
5197735
5192892
5188053
5183218
5178388
5173562
5168740
5163922
5159109
5154300
5149496
5144695
5139899
5135108
5130321
5125538
5120759
5115985
5111215
5106450
5101688
5096932
5092179
5087432
5082688
5077949
5073214
5068484
5063758
5059037
5054320
5049607
5044899
5040196
5035496
5030802
5026112
5021426
5016745
5012068
5007396
5002728
4998065
4993406
4988752
4984103
4979458
4974817
4970181
4965550
4960923
4956301
4951683
4947070
4942462
4937858
4933258
4928664
4924074
4919488
4914907
4910331
4905760
4901193
4896631
4892073
4887520
4882972
4878428
4873889
4869355
4864826
4860301
4855781
4851265
4846755
4842249
4837748
4833251
4828759
4824272
4819790
4815313
4810840
4806372
4801909
4797451
4792997
4788548
4784104
4779665
4775231
4770801
4766377
4761957
4757542
4753131
4748726
4744326
4739930
4735539
4731153
4726772
4722396
4718025
4713659
4709297
4704941
4700589
4696243
4691901
4687564
4683232
4678905
4674583
4670266
4665954
4661647
4657345
4653048
4648755
4644468
4640186
4635909
4631637
4627369
4623107
4618850
4614598
4610351
4606109
4601872
4597640
4593413
4589191
4584975
4580763
4576556
4572355
4568158
4563967
4559781
4555600
4551424
4547253
4543087
4538926
4534771
4530621
4526475
4522335
4518200
4514071
4509946
4505827
4501713
4497604
4493500
4489401
4485308
4481219
4477136
4473059
4468986
4464919
4460857
4456800
4452748
4448702
4444661
4440625
4436594
4432569
4428549
4424534
4420525
4416520
4412522
4408528
4404540
4400557
4396579
4392607
4388640
4384678
4380722
4376771
4372825
4368885
4364950
4361021
4357097
4353178
4349265
4345357
4341454
4337557
4333665
4329779
4325898
4322022
4318152
4314287
4310428
4306574
4302726
4298883
4295045
4291213
4287387
4283566
4279750
4275940
4272136
4268336
4264543
4260755
4256972
4253195
4249423
4245657
4241897
4238142
4234392
4230648
4226910
4223177
4219450
4215728
4212012
4208301
4204596
4200897
4197203
4193515
4189832
4186155
4182484
4178818
4175158
4171503
4167854
4164211
4160573
4156941
4153314
4149694
4146079
4142469
4138865
4135267
4131675
4128088
4124507
4120932
4117362
4113798
4110240
4106687
4103140
4099599
4096063
4092534
4089010
4085492
4081979
4078472
4074971
4071476
4067986
4064503
4061025
4057553
4054086
4050626
4047171
4043722
4040278
4036841
4033409
4029983
4026563
4023149
4019741
4016338
4012941
4009551
4006166
4002786
3999413
3996045
3992684
3989328
3985978
3982634
3979296
3975964
3972637
3969317
3966002
3962694
3959391
3956094
3952803
3949518
3946239
3942966
3939698
3936437
3933182
3929932
3926689
3923451
3920219
3916994
3913774
3910560
3907353
3904151
3900955
3897765
3894582
3891404
3888232
3885066
3881906
3878753
3875605
3872463
3869327
3866198
3863074
3859956
3856845
3853739
3850640
3847546
3844459
3841378
3838303
3835233
3832170
3829113
3826062
3823017
3819979
3816946
3813919
3810899
3807885
3804876
3801874
3798878
3795888
3792905
3789927
3786955
3783990
3781031
3778078
3775131
3772190
3769256
3766327
3763405
3760489
3757579
3754675
3751778
3748886
3746001
3743122
3740249
3737383
3734522
3731668
3728820
3725978
3723143
3720313
3717490
3714673
3711863
3709058
3706260
3703468
3700683
3697903
3695130
3692363
3689603
3686848
3684100
3681358
3678623
3675894
3673171
3670454
3667744
3665040
3662342
3659651
3656965
3654287
3651614
3648948
3646288
3643634
3640987
3638346
3635712
3633084
3630462
3627846
3625237
3622634
3620038
3617448
3614864
3612287
3609716
3607151
3604593
3602041
3599495
3596956
3594424
3591897
3589377
3586864
3584357
3581856
3579362
3576874
3574393
3571918
3569449
3566987
3564531
3562082
3559639
3557203
3554773
3552349
3549932
3547522
3545117
3542720
3540328
3537944
3535565
3533194
3530828
3528469
3526117
3523771
3521432
3519099
3516773
3514453
3512139
3509832
3507532
3505238
3502951
3500670
3498396
3496128
3493867
3491612
3489364
3487122
3484887
3482658
3480436
3478221
3476012
3473809
3471613
3469424
3467241
3465065
3462896
3460733
3458576
3456426
3454283
3452146
3450016
3447893
3445776
3443665
3441562
3439465
3437374
3435290
3433213
3431142
3429078
3427020
3424970
3422925
3420888
3418857
3416832
3414815
3412803
3410799
3408801
3406810
3404825
3402848
3400876
3398912
3396954
3395003
3393058
3391120
3389189
3387264
3385346
3383435
3381530
3379632
3377741
3375857
3373979
3372108
3370243
3368385
3366534
3364690
3362852
3361021
3359197
3357380
3355569
3353765
3351967
3350177
3348393
3346615
3344845
3343081
3341324
3339574
3337830
3336093
3334363
3332640
3330923
3329213
3327510
3325814
3324124
3322441
3320765
3319096
3317433
3315777
3314128
3312486
3310850
3309222
3307600
3305985
3304376
3302775
3301180
3299592
3298010
3296436
3294868
3293307
3291753
3290206
3288665
3287132
3285605
3284085
3282572
3281065
3279566
3278073
3276587
3275108
3273635
3272170
3270711
3269259
3267814
3266376
3264944
3263520
3262102
3260691
3259287
3257890
3256500
3255116
3253739
3252370
3251007
3249651
3248301
3246959
3245623
3244295
3242973
3241658
3240350
3239049
3237754
3236467
3235186
3233913
3232646
3231386
3230133
3228887
3227647
3226415
3225189
3223971
3222759
3221554
3220356
3219165
3217981
3216803
3215633
3214469
3213313
3212163
3211020
3209884
3208756
3207633
3206518
3205410
3204309
3203214
3202127
3201046
3199973
3198906
3197846
3196793
3195747
3194708
3193676
3192651
3191633
3190621
3189617
3188620
3187629
3186646
3185669
3184699
3183737
3182781
3181832
3180890
3179955
3179027
3178106
3177192
3176285
3175385
3174491
3173605
3172726
3171853
3170988
3170129
3169278
3168433
3167596
3166765
3165942
3165125
3164315
3163512
3162717
3161928
3161146
3160371
3159603
3158842
3158089
3157342
3156602
3155869
3155143
3154424
3153712
3153007
3152309
3151617
3150933
3150256
3149586
3148923
3148267
3147618
3146976
3146340
3145712
3145091
3144477
3143870
3143269
3142676
3142090
3141511
3140939
3140373
3139815
3139264
3138720
3138183
3137652
3137129
3136613
3136104
3135602
3135107
3134618
3134137
3133663
3133196
3132736
3132283
3131837
3131398
3130966
3130541
3130123
3129712
3129308
3128911
3128521
3128138
3127762
3127393
3127031
3126676
3126328
3125987
3125654
3125327
3125007
3124694
3124389
3124090
3123798
3123513
3123236
3122965
3122702
3122445
3122196
3121953
3121718
3121489
3121268
3121053
3120846
3120645
3120452
3120266
3120087
3119914
3119749
3119591
3119440
3119296
3119159
3119028
3118905
3118789
3118680
3118579
3118484
3118396
3118315
3118241
3118174
3118114
3118062
3118016
3117977
3117946
3117921
3117904
3117893
8388607
8530602
8672294
8813380
8953561
9092535
9230007
9365684
9499275
9630497
9759068
9884714
10007168
10126167
10241459
10352796
10459942
10562667
10660753
10753990
10842179
10925132
11002672
11074633
11140863
11201219
11255572
11303808
11345822
11381525
11410842
11433708
11450077
11459912
11463192
11459912
11450077
11433708
11410842
11381525
11345822
11303808
11255572
11201219
11140863
11074633
11002672
10925132
10842179
10753990
10660753
10562667
10459942
10352796
10241459
10126167
10007168
9884714
9759068
9630497
9499275
9365684
9230007
9092535
8953561
8813380
8672294
8530602
8388607
8246612
8104920
7963834
7823653
7684679
7547207
7411530
7277939
7146717
7018146
6892500
6770046
6651047
6535755
6424418
6317272
6214547
6116461
6023224
5935035
5852082
5774542
5702581
5636351
5575995
5521642
5473406
5431392
5395689
5366372
5343506
5327137
5317302
5314022
5317302
5327137
5343506
5366372
5395689
5431392
5473406
5521642
5575995
5636351
5702581
5774542
5852082
5935035
6023224
6116461
6214547
6317272
6424418
6535755
6651047
6770046
6892500
7018146
7146717
7277939
7411530
7547207
7684679
7823653
7963834
8104920
8246612
8388607
8530602
8672294
8813380
8953561
9092535
9230007
9365684
9499275
9630497
9759068
9884714
10007168
10126167
10241459
10352796
10459942
10562667
10660753
10753990
10842179
10925132
11002672
11074633
11140863
11201219
11255572
11303808
11345822
11381525
11410842
11433708
11450077
11459912
11463192
11459912
11450077
11433708
11410842
11381525
11345822
11303808
11255572
11201219
11140863
11074633
11002672
10925132
10842179
10753990
10660753
10562667
10459942
10352796
10241459
10126167
10007168
9884714
9759068
9630497
9499275
9365684
9230007
9092535
8953561
8813380
8672294
8530602
8388607
8246612
8104920
7963834
7823653
7684679
7547207
7411530
7277939
7146717
7018146
6892500
6770046
6651047
6535755
6424418
6317272
6214547
6116461
6023224
5935035
5852082
5774542
5702581
5636351
5575995
5521642
5473406
5431392
5395689
5366372
5343506
5327137
5317302
5314022
5317302
5327137
5343506
5366372
5395689
5431392
5473406
5521642
5575995
5636351
5702581
5774542
5852082
5935035
6023224
6116461
6214547
6317272
6424418
6535755
6651047
6770046
6892500
7018146
7146717
7277939
7411530
7547207
7684679
7823653
7963834
8104920
8246612
8388607
8530602
8672294
8813380
8953561
9092535
9230007
9365684
9499275
9630497
9759068
9884714
10007168
10126167
10241459
10352796
10459942
10562667
10660753
10753990
10842179
10925132
11002672
11074633
11140863
11201219
11255572
11303808
11345822
11381525
11410842
11433708
11450077
11459912
11463192
11459912
11450077
11433708
11410842
11381525
11345822
11303808
11255572
11201219
11140863
11074633
11002672
10925132
10842179
10753990
10660753
10562667
10459942
10352796
10241459
10126167
10007168
9884714
9759068
9630497
9499275
9365684
9230007
9092535
8953561
8813380
8672294
8530602
8388607
8246612
8104920
7963834
7823653
7684679
7547207
7411530
7277939
7146717
7018146
6892500
6770046
6651047
6535755
6424418
6317272
6214547
6116461
6023224
5935035
5852082
5774542
5702581
5636351
5575995
5521642
5473406
5431392
5395689
5366372
5343506
5327137
5317302
5314022
5317302
5327137
5343506
5366372
5395689
5431392
5473406
5521642
5575995
5636351
5702581
5774542
5852082
5935035
6023224
6116461
6214547
6317272
6424418
6535755
6651047
6770046
6892500
7018146
7146717
7277939
7411530
7547207
7684679
7823653
7963834
8104920
8246612
8388607
8530602
8672294
8813380
8953561
9092535
9230007
9365684
9499275
9630497
9759068
9884714
10007168
10126167
10241459
10352796
10459942
10562667
10660753
10753990
10842179
10925132
11002672
11074633
11140863
11201219
11255572
11303808
11345822
11381525
11410842
11433708
11450077
11459912
11463192
11459912
11450077
11433708
11410842
11381525
11345822
11303808
11255572
11201219
11140863
11074633
11002672
10925132
10842179
10753990
10660753
10562667
10459942
10352796
10241459
10126167
10007168
9884714
9759068
9630497
9499275
9365684
9230007
9092535
8953561
8813380
8672294
8530602
8388607
8246612
8104920
7963834
7823653
7684679
7547207
7411530
7277939
7146717
7018146
6892500
6770046
6651047
6535755
6424418
6317272
6214547
6116461
6023224
5935035
5852082
5774542
5702581
5636351
5575995
5521642
5473406
5431392
5395689
5366372
5343506
5327137
5317302
5314022
5317302
5327137
5343506
5366372
5395689
5431392
5473406
5521642
5575995
5636351
5702581
5774542
5852082
5935035
6023224
6116461
6214547
6317272
6424418
6535755
6651047
6770046
6892500
7018146
7146717
7277939
7411530
7547207
7684679
7823653
7963834
8104920
8246612
8388607
8530602
8672294
8813380
8953561
9092535
9230007
9365684
9499275
9630497
9759068
9884714
10007168
10126167
10241459
10352796
10459942
10562667
10660753
10753990
10842179
10925132
11002672
11074633
11140863
11201219
11255572
11303808
11345822
11381525
11410842
11433708
11450077
11459912
11463192
11459912
11450077
11433708
11410842
11381525
11345822
11303808
11255572
11201219
11140863
11074633
11002672
10925132
10842179
10753990
10660753
10562667
10459942
10352796
10241459
10126167
10007168
9884714
9759068
9630497
9499275
9365684
9230007
9092535
8953561
8813380
8672294
8530602
8388607
8246612
8104920
7963834
7823653
7684679
7547207
7411530
7277939
7146717
7018146
6892500
6770046
6651047
6535755
6424418
6317272
6214547
6116461
6023224
5935035
5852082
5774542
5702581
5636351
5575995
5521642
5473406
5431392
5395689
5366372
5343506
5327137
5317302
5314022
5317302
5327137
5343506
5366372
5395689
5431392
5473406
5521642
5575995
5636351
5702581
5774542
5852082
5935035
6023224
6116461
6214547
6317272
6424418
6535755
6651047
6770046
6892500
7018146
7146717
7277939
7411530
7547207
7684679
7823653
7963834
8104920
8246612
8388607
8530602
8672294
8813380
8953561
9092535
9230007
9365684
9499275
9630497
9759068
9884714
10007168
10126167
10241459
10352796
10459942
10562667
10660753
10753990
10842179
10925132
11002672
11074633
11140863
11201219
11255572
11303808
11345822
11381525
11410842
11433708
11450077
11459912
11463192
11459912
11450077
11433708
11410842
11381525
11345822
11303808
11255572
11201219
11140863
11074633
11002672
10925132
10842179
10753990
10660753
10562667
10459942
10352796
10241459
10126167
10007168
9884714
9759068
9630497
9499275
9365684
9230007
9092535
8953561
8813380
8672294
8530602
8388607
8246612
8104920
7963834
7823653
7684679
7547207
7411530
7277939
7146717
7018146
6892500
6770046
6651047
6535755
6424418
6317272
6214547
6116461
6023224
5935035
5852082
5774542
5702581
5636351
5575995
5521642
5473406
5431392
5395689
5366372
5343506
5327137
5317302
5314022
5317302
5327137
5343506
5366372
5395689
5431392
5473406
5521642
5575995
5636351
5702581
5774542
5852082
5935035
6023224
6116461
6214547
6317272
6424418
6535755
6651047
6770046
6892500
7018146
7146717
7277939
7411530
7547207
7684679
7823653
7963834
8104920
8246612
8388607
8530602
8672294
8813380
8953561
9092535
9230007
9365684
9499275
9630497
9759068
9884714
10007168
10126167
10241459
10352796
10459942
10562667
10660753
10753990
10842179
10925132
11002672
11074633
11140863
11201219
11255572
11303808
11345822
11381525
11410842
11433708
11450077
11459912
11463192
11459912
11450077
11433708
11410842
11381525
11345822
11303808
11255572
11201219
11140863
11074633
11002672
10925132
10842179
10753990
10660753
10562667
10459942
10352796
10241459
10126167
10007168
9884714
9759068
9630497
9499275
9365684
9230007
9092535
8953561
8813380
8672294
8530602
8388607
8246612
8104920
7963834
7823653
7684679
7547207
7411530
7277939
7146717
7018146
6892500
6770046
6651047
6535755
6424418
6317272
6214547
6116461
6023224
5935035
5852082
5774542
5702581
5636351
5575995
5521642
5473406
5431392
5395689
5366372
5343506
5327137
5317302
5314022
5317302
5327137
5343506
5366372
5395689
5431392
5473406
5521642
5575995
5636351
5702581
5774542
5852082
5935035
6023224
6116461
6214547
6317272
6424418
6535755
6651047
6770046
6892500
7018146
7146717
7277939
7411530
7547207
7684679
7823653
7963834
8104920
8246612
8388607
8530602
8672294
8813380
8953561
9092535
9230007
9365684
9499275
9630497
9759068
9884714
10007168
10126167
10241459
10352796
10459942
10562667
10660753
10753990
10842179
10925132
11002672
11074633
11140863
11201219
11255572
11303808
11345822
11381525
11410842
11433708
11450077
11459912
11463192
11459912
11450077
11433708
11410842
11381525
11345822
11303808
11255572
11201219
11140863
11074633
11002672
10925132
10842179
10753990
10660753
10562667
10459942
10352796
10241459
10126167
10007168
9884714
9759068
9630497
9499275
9365684
9230007
9092535
8953561
8813380
8672294
8530602
8388607
8246612
8104920
7963834
7823653
7684679
7547207
7411530
7277939
7146717
7018146
6892500
6770046
6651047
6535755
6424418
6317272
6214547
6116461
6023224
5935035
5852082
5774542
5702581
5636351
5575995
5521642
5473406
5431392
5395689
5366372
5343506
5327137
5317302
5314022
5317302
5327137
5343506
5366372
5395689
5431392
5473406
5521642
5575995
5636351
5702581
5774542
5852082
5935035
6023224
6116461
6214547
6317272
6424418
6535755
6651047
6770046
6892500
7018146
7146717
7277939
7411530
7547207
7684679
7823653
7963834
8104920
8246612
8388607
8530602
8672294
8813380
8953561
9092535
9230007
9365684
9499275
9630497
9759068
9884714
10007168
10126167
10241459
10352796
10459942
10562667
10660753
10753990
10842179
10925132
11002672
11074633
11140863
11201219
11255572
11303808
11345822
11381525
11410842
11433708
11450077
11459912
11463192
11459912
11450077
11433708
11410842
11381525
11345822
11303808
11255572
11201219
11140863
11074633
11002672
10925132
10842179
10753990
10660753
10562667
10459942
10352796
10241459
10126167
10007168
9884714
9759068
9630497
9499275
9365684
9230007
9092535
8953561
8813380
8672294
8530602
8388607
8246612
8104920
7963834
7823653
7684679
7547207
7411530
7277939
7146717
7018146
6892500
6770046
6651047
6535755
6424418
6317272
6214547
6116461
6023224
5935035
5852082
5774542
5702581
5636351
5575995
5521642
5473406
5431392
5395689
5366372
5343506
5327137
5317302
5314022
5317302
5327137
5343506
5366372
5395689
5431392
5473406
5521642
5575995
5636351
5702581
5774542
5852082
5935035
6023224
6116461
6214547
6317272
6424418
6535755
6651047
6770046
6892500
7018146
7146717
7277939
7411530
7547207
7684679
7823653
7963834
8104920
8246612
8388607
8530602
8672294
8813380
8953561
9092535
9230007
9365684
9499275
9630497
9759068
9884714
10007168
10126167
10241459
10352796
10459942
10562667
10660753
10753990
10842179
10925132
11002672
11074633
11140863
11201219
11255572
11303808
11345822
11381525
11410842
11433708
11450077
11459912
11463192
11459912
11450077
11433708
11410842
11381525
11345822
11303808
11255572
11201219
11140863
11074633
11002672
10925132
10842179
10753990
10660753
10562667
10459942
10352796
10241459
10126167
10007168
9884714
9759068
9630497
9499275
9365684
9230007
9092535
8953561
8813380
8672294
8530602
8388607
8246612
8104920
7963834
7823653
7684679
7547207
7411530
7277939
7146717
7018146
6892500
6770046
6651047
6535755
6424418
6317272
6214547
6116461
6023224
5935035
5852082
5774542
5702581
5636351
5575995
5521642
5473406
5431392
5395689
5366372
5343506
5327137
5317302
5314022
5317302
5327137
5343506
5366372
5395689
5431392
5473406
5521642
5575995
5636351
5702581
5774542
5852082
5935035
6023224
6116461
6214547
6317272
6424418
6535755
6651047
6770046
6892500
7018146
7146717
7277939
7411530
7547207
7684679
7823653
7963834
8104920
8246612
8388607
8530602
8672294
8813380
8953561
9092535
9230007
9365684
9499275
9630497
9759068
9884714
10007168
10126167
10241459
10352796
10459942
10562667
10660753
10753990
10842179
10925132
11002672
11074633
11140863
11201219
11255572
11303808
11345822
11381525
11410842
11433708
11450077
11459912
11463192
11459912
11450077
11433708
11410842
11381525
11345822
11303808
11255572
11201219
11140863
11074633
11002672
10925132
10842179
10753990
10660753
10562667
10459942
10352796
10241459
10126167
10007168
9884714
9759068
9630497
9499275
9365684
9230007
9092535
8953561
8813380
8672294
8530602
8388607
8246612
8104920
7963834
7823653
7684679
7547207
7411530
7277939
7146717
7018146
6892500
6770046
6651047
6535755
6424418
6317272
6214547
6116461
6023224
5935035
5852082
5774542
5702581
5636351
5575995
5521642
5473406
5431392
5395689
5366372
5343506
5327137
5317302
5314022
5317302
5327137
5343506
5366372
5395689
5431392
5473406
5521642
5575995
5636351
5702581
5774542
5852082
5935035
6023224
6116461
6214547
6317272
6424418
6535755
6651047
6770046
6892500
7018146
7146717
7277939
7411530
7547207
7684679
7823653
7963834
8104920
8246612
8388607
8530602
8672294
8813380
8953561
9092535
9230007
9365684
9499275
9630497
9759068
9884714
10007168
10126167
10241459
10352796
10459942
10562667
10660753
10753990
10842179
10925132
11002672
11074633
11140863
11201219
11255572
11303808
11345822
11381525
11410842
11433708
11450077
11459912
11463192
11459912
11450077
11433708
11410842
11381525
11345822
11303808
11255572
11201219
11140863
11074633
11002672
10925132
10842179
10753990
10660753
10562667
10459942
10352796
10241459
10126167
10007168
9884714
9759068
9630497
9499275
9365684
9230007
9092535
8953561
8813380
8672294
8530602
8388607
8246612
8104920
7963834
7823653
7684679
7547207
7411530
7277939
7146717
7018146
6892500
6770046
6651047
6535755
6424418
6317272
6214547
6116461
6023224
5935035
5852082
5774542
5702581
5636351
5575995
5521642
5473406
5431392
5395689
5366372
5343506
5327137
5317302
5314022
5317302
5327137
5343506
5366372
5395689
5431392
5473406
5521642
5575995
5636351
5702581
5774542
5852082
5935035
6023224
6116461
6214547
6317272
6424418
6535755
6651047
6770046
6892500
7018146
7146717
7277939
7411530
7547207
7684679
7823653
7963834
8104920
8246612
8388607
8530602
8672294
8813380
8953561
9092535
9230007
9365684
9499275
9630497
9759068
9884714
10007168
10126167
10241459
10352796
10459942
10562667
10660753
10753990
10842179
10925132
11002672
11074633
11140863
11201219
11255572
11303808
11345822
11381525
11410842
11433708
11450077
11459912
11463192
11459912
11450077
11433708
11410842
11381525
11345822
11303808
11255572
11201219
11140863
11074633
11002672
10925132
10842179
10753990
10660753
10562667
10459942
10352796
10241459
10126167
10007168
9884714
9759068
9630497
9499275
9365684
9230007
9092535
8953561
8813380
8672294
8530602
8388607
8246612
8104920
7963834
7823653
7684679
7547207
7411530
7277939
7146717
7018146
6892500
6770046
6651047
6535755
6424418
6317272
6214547
6116461
6023224
5935035
5852082
5774542
5702581
5636351
5575995
5521642
5473406
5431392
5395689
5366372
5343506
5327137
5317302
5314022
5317302
5327137
5343506
5366372
5395689
5431392
5473406
5521642
5575995
5636351
5702581
5774542
5852082
5935035
6023224
6116461
6214547
6317272
6424418
6535755
6651047
6770046
6892500
7018146
7146717
7277939
7411530
7547207
7684679
7823653
7963834
8104920
8246612
8388607
8530602
8672294
8813380
8953561
9092535
9230007
9365684
9499275
9630497
9759068
9884714
10007168
10126167
10241459
10352796
10459942
10562667
10660753
10753990
10842179
10925132
11002672
11074633
11140863
11201219
11255572
11303808
11345822
11381525
11410842
11433708
11450077
11459912
11463192
11459912
11450077
11433708
11410842
11381525
11345822
11303808
11255572
11201219
11140863
11074633
11002672
10925132
10842179
10753990
10660753
10562667
10459942
10352796
10241459
10126167
10007168
9884714
9759068
9630497
9499275
9365684
9230007
9092535
8953561
8813380
8672294
8530602
8388607
8246612
8104920
7963834
7823653
7684679
7547207
7411530
7277939
7146717
7018146
6892500
6770046
6651047
6535755
6424418
6317272
6214547
6116461
6023224
5935035
5852082
5774542
5702581
5636351
5575995
5521642
5473406
5431392
5395689
5366372
5343506
5327137
5317302
5314022
5317302
5327137
5343506
5366372
5395689
5431392
5473406
5521642
5575995
5636351
5702581
5774542
5852082
5935035
6023224
6116461
6214547
6317272
6424418
6535755
6651047
6770046
6892500
7018146
7146717
7277939
7411530
7547207
7684679
7823653
7963834
8104920
8246612
8388607
8530602
8672294
8813380
8953561
9092535
9230007
9365684
9499275
9630497
9759068
9884714
10007168
10126167
10241459
10352796
10459942
10562667
10660753
10753990
10842179
10925132
11002672
11074633
11140863
11201219
11255572
11303808
11345822
11381525
11410842
11433708
11450077
11459912
11463192
11459912
11450077
11433708
11410842
11381525
11345822
11303808
11255572
11201219
11140863
11074633
11002672
10925132
10842179
10753990
10660753
10562667
10459942
10352796
10241459
10126167
10007168
9884714
9759068
9630497
9499275
9365684
9230007
9092535
8953561
8813380
8672294
8530602
8388607
8246612
8104920
7963834
7823653
7684679
7547207
7411530
7277939
7146717
7018146
6892500
6770046
6651047
6535755
6424418
6317272
6214547
6116461
6023224
5935035
5852082
5774542
5702581
5636351
5575995
5521642
5473406
5431392
5395689
5366372
5343506
5327137
5317302
5314022
5317302
5327137
5343506
5366372
5395689
5431392
5473406
5521642
5575995
5636351
5702581
5774542
5852082
5935035
6023224
6116461
6214547
6317272
6424418
6535755
6651047
6770046
6892500
7018146
7146717
7277939
7411530
7547207
7684679
7823653
7963834
8104920
8246612
8388607
8530602
8672294
8813380
8953561
9092535
9230007
9365684
9499275
9630497
9759068
9884714
10007168
10126167
10241459
10352796
10459942
10562667
10660753
10753990
10842179
10925132
11002672
11074633
11140863
11201219
11255572
11303808
11345822
11381525
11410842
11433708
11450077
11459912
11463192
11459912
11450077
11433708
11410842
11381525
11345822
11303808
11255572
11201219
11140863
11074633
11002672
10925132
10842179
10753990
10660753
10562667
10459942
10352796
10241459
10126167
10007168
9884714
9759068
9630497
9499275
9365684
9230007
9092535
8953561
8813380
8672294
8530602
8388607
8246612
8104920
7963834
7823653
7684679
7547207
7411530
7277939
7146717
7018146
6892500
6770046
6651047
6535755
6424418
6317272
6214547
6116461
6023224
5935035
5852082
5774542
5702581
5636351
5575995
5521642
5473406
5431392
5395689
5366372
5343506
5327137
5317302
5314022
5317302
5327137
5343506
5366372
5395689
5431392
5473406
5521642
5575995
5636351
5702581
5774542
5852082
5935035
6023224
6116461
6214547
6317272
6424418
6535755
6651047
6770046
6892500
7018146
7146717
7277939
7411530
7547207
7684679
7823653
7963834
8104920
8246612
8388607
8530602
8672294
8813380
8953561
9092535
9230007
9365684
9499275
9630497
9759068
9884714
10007168
10126167
10241459
10352796
10459942
10562667
10660753
10753990
10842179
10925132
11002672
11074633
11140863
11201219
11255572
11303808
11345822
11381525
11410842
11433708
11450077
11459912
11463192
11459912
11450077
11433708
11410842
11381525
11345822
11303808
11255572
11201219
11140863
11074633
11002672
10925132
10842179
10753990
10660753
10562667
10459942
10352796
10241459
10126167
10007168
9884714
9759068
9630497
9499275
9365684
9230007
9092535
8953561
8813380
8672294
8530602
8388607
8246612
8104920
7963834
7823653
7684679
7547207
7411530
7277939
7146717
7018146
6892500
6770046
6651047
6535755
6424418
6317272
6214547
6116461
6023224
5935035
5852082
5774542
5702581
5636351
5575995
5521642
5473406
5431392
5395689
5366372
5343506
5327137
5317302
5314022
5317302
5327137
5343506
5366372
5395689
5431392
5473406
5521642
5575995
5636351
5702581
5774542
5852082
5935035
6023224
6116461
6214547
6317272
6424418
6535755
6651047
6770046
6892500
7018146
7146717
7277939
7411530
7547207
7684679
7823653
7963834
8104920
8246612
8388607
8530602
8672294
8813380
8953561
9092535
9230007
9365684
9499275
9630497
9759068
9884714
10007168
10126167
10241459
10352796
10459942
10562667
10660753
10753990
10842179
10925132
11002672
11074633
11140863
11201219
11255572
11303808
11345822
11381525
11410842
11433708
11450077
11459912
11463192
11459912
11450077
11433708
11410842
11381525
11345822
11303808
11255572
11201219
11140863
11074633
11002672
10925132
10842179
10753990
10660753
10562667
10459942
10352796
10241459
10126167
10007168
9884714
9759068
9630497
9499275
9365684
9230007
9092535
8953561
8813380
8672294
8530602
8388607
8246612
8104920
7963834
7823653
7684679
7547207
7411530
7277939
7146717
7018146
6892500
6770046
6651047
6535755
6424418
6317272
6214547
6116461
6023224
5935035
5852082
5774542
5702581
5636351
5575995
5521642
5473406
5431392
5395689
5366372
5343506
5327137
5317302
5314022
5317302
5327137
5343506
5366372
5395689
5431392
5473406
5521642
5575995
5636351
5702581
5774542
5852082
5935035
6023224
6116461
6214547
6317272
6424418
6535755
6651047
6770046
6892500
7018146
7146717
7277939
7411530
7547207
7684679
7823653
7963834
8104920
8246612
8388607
8530602
8672294
8813380
8953561
9092535
9230007
9365684
9499275
9630497
9759068
9884714
10007168
10126167
10241459
10352796
10459942
10562667
10660753
10753990
10842179
10925132
11002672
11074633
11140863
11201219
11255572
11303808
11345822
11381525
11410842
11433708
11450077
11459912
11463192
11459912
11450077
11433708
11410842
11381525
11345822
11303808
11255572
11201219
11140863
11074633
11002672
10925132
10842179
10753990
10660753
10562667
10459942
10352796
10241459
10126167
10007168
9884714
9759068
9630497
9499275
9365684
9230007
9092535
8953561
8813380
8672294
8530602
8388607
8246612
8104920
7963834
7823653
7684679
7547207
7411530
7277939
7146717
7018146
6892500
6770046
6651047
6535755
6424418
6317272
6214547
6116461
6023224
5935035
5852082
5774542
5702581
5636351
5575995
5521642
5473406
5431392
5395689
5366372
5343506
5327137
5317302
5314022
5317302
5327137
5343506
5366372
5395689
5431392
5473406
5521642
5575995
5636351
5702581
5774542
5852082
5935035
6023224
6116461
6214547
6317272
6424418
6535755
6651047
6770046
6892500
7018146
7146717
7277939
7411530
7547207
7684679
7823653
7963834
8104920
8246612
8388607
8530602
8672294
8813380
8953561
9092535
9230007
9365684
9499275
9630497
9759068
9884714
10007168
10126167
10241459
10352796
10459942
10562667
10660753
10753990
10842179
10925132
11002672
11074633
11140863
11201219
11255572
11303808
11345822
11381525
11410842
11433708
11450077
11459912
11463192
11459912
11450077
11433708
11410842
11381525
11345822
11303808
11255572
11201219
11140863
11074633
11002672
10925132
10842179
10753990
10660753
10562667
10459942
10352796
10241459
10126167
10007168
9884714
9759068
9630497
9499275
9365684
9230007
9092535
8953561
8813380
8672294
8530602
8388607
8246612
8104920
7963834
7823653
7684679
7547207
7411530
7277939
7146717
7018146
6892500
6770046
6651047
6535755
6424418
6317272
6214547
6116461
6023224
5935035
5852082
5774542
5702581
5636351
5575995
5521642
5473406
5431392
5395689
5366372
5343506
5327137
5317302
5314022
5317302
5327137
5343506
5366372
5395689
5431392
5473406
5521642
5575995
5636351
5702581
5774542
5852082
5935035
6023224
6116461
6214547
6317272
6424418
6535755
6651047
6770046
6892500
7018146
7146717
7277939
7411530
7547207
7684679
7823653
7963834
8104920
8246612
